data = [1 0 0 0 0 1 0 0 0 0 1 0
0.996034 -0.00393032 0.0888915 0.0704415 0.00461812 0.999961 -0.00753319 -0.0338629 -0.0888585 0.00791383 0.996013 1.035
0.990992 -0.00461173 0.133841 0.165125 0.00633857 0.999902 -0.012479 -0.0376612 -0.13377 0.0132149 0.990924 1.5469
0.98384 -6.24303e-05 0.17905 0.266067 0.00317848 0.999848 -0.0171164 -0.0343202 -0.179022 0.0174089 0.983691 2.0539
0.97418 -0.00329095 0.225749 0.36758 0.00679651 0.999868 -0.0147531 -0.0675703 -0.225671 0.0159065 0.974074 2.53959
0.962489 -0.00408253 0.27129 0.481478 0.00866 0.99984 -0.015678 -0.0877672 -0.271182 0.0174393 0.96237 2.99278
0.949053 -0.0063486 0.315051 0.637706 0.0127896 0.999749 -0.018381 -0.0978766 -0.314855 0.0214739 0.948897 3.46453
0.933743 -0.00821286 0.357849 0.805547 0.0163244 0.999674 -0.0196523 -0.138565 -0.357571 0.0241919 0.933573 3.99224
0.916727 -0.00839957 0.399427 1.018 0.0180507 0.999629 -0.0204071 -0.141453 -0.399107 0.0259177 0.916538 4.38911
0.897287 -0.00903872 0.441356 1.2166 0.0193769 0.999633 -0.0189217 -0.157546 -0.441023 0.0255303 0.897133 4.79379
0.875445 -0.00890898 0.483235 1.44241 0.0200655 0.999638 -0.0179219 -0.171326 -0.4829 0.025386 0.875307 5.19433
0.852021 -0.00990195 0.523413 1.73586 0.0217328 0.999628 -0.0164661 -0.188119 -0.523056 0.0254047 0.85192 5.61099
0.826385 -0.00982745 0.56302 1.92504 0.0232793 0.999589 -0.016721 -0.200894 -0.562624 0.0269247 0.826274 5.9232
0.799273 -0.0111248 0.600866 2.24021 0.0264288 0.999512 -0.0166502 -0.204486 -0.600387 0.0291882 0.799177 6.31326
0.770343 -0.00864279 0.637571 2.55673 0.0256895 0.999517 -0.01749 -0.205771 -0.637112 0.0298522 0.770193 6.67668
0.739581 -0.0127972 0.672946 2.75449 0.0316266 0.999376 -0.0157535 -0.22439 -0.672324 0.032934 0.739524 6.90689
0.707287 -0.0108957 0.706843 2.98811 0.0308839 0.999403 -0.0154978 -0.235453 -0.706252 0.0327914 0.707201 7.14757
0.672806 -0.00986963 0.739753 3.23126 0.0325178 0.999339 -0.016242 -0.243528 -0.739104 0.0349829 0.672683 7.36775
0.636811 -0.0100352 0.770955 3.52181 0.0358767 0.999218 -0.0166278 -0.250251 -0.770185 0.0382481 0.636673 7.62457
0.600541 -0.00860009 0.799547 4.08565 0.0358133 0.999228 -0.0161515 -0.286487 -0.798791 0.0383341 0.600386 8.07414
0.564051 -0.00911235 0.82569 4.35856 0.0391677 0.999109 -0.0157303 -0.32333 -0.824811 0.0412131 0.563905 8.22394
0.526373 -0.00809827 0.850215 4.4594 0.044939 0.998822 -0.0183083 -0.317218 -0.849065 0.0478448 0.526117 8.2104
0.491289 -0.00786474 0.870961 4.65537 0.0469106 0.998747 -0.0174425 -0.322057 -0.869732 0.0494266 0.491042 8.26037
0.454287 -0.0111794 0.890785 4.99451 0.0507836 0.99862 -0.0133661 -0.378829 -0.889407 0.0513093 0.454228 8.4202
0.414235 -0.0104305 0.91011 5.31578 0.0534261 0.998489 -0.0128735 -0.385399 -0.908601 0.0539563 0.414166 8.61514
0.377673 -0.00833546 0.925902 5.61523 0.0568724 0.99828 -0.0142111 -0.387689 -0.924191 0.0580254 0.377498 8.76288
0.341328 -0.00770909 0.939913 5.92693 0.0536919 0.998494 -0.0113086 -0.412068 -0.93841 0.0543256 0.341228 8.93085
0.311384 -0.010585 0.950225 5.86603 0.0536297 0.99854 -0.006451 -0.409839 -0.94877 0.0529691 0.311497 8.76293
0.280278 -0.0118654 0.959846 6.18495 0.0558172 0.998433 -0.00395642 -0.437979 -0.958295 0.0546848 0.280501 8.91603
0.248188 -0.00871537 0.968673 6.59692 0.054111 0.998523 -0.00488012 -0.436932 -0.967199 0.0536271 0.248293 9.02365
0.214692 -0.0089867 0.97664 6.97699 0.0531804 0.998582 -0.00250192 -0.479461 -0.975233 0.0524753 0.214866 9.18399
0.183663 -0.00946149 0.982944 7.27207 0.0514171 0.998677 5.6322e-06 -0.504912 -0.981644 0.0505391 0.183907 9.23233
0.155564 -0.00861072 0.987788 7.63048 0.0580022 0.998316 -0.000432118 -0.486476 -0.986121 0.0573611 0.155802 9.26619
0.123332 -0.0103051 0.992312 7.90712 0.0537247 0.998549 0.00369261 -0.510758 -0.99091 0.0528562 0.123706 9.31325
0.0921006 -0.0110438 0.995688 8.17496 0.0526511 0.998594 0.00620579 -0.520587 -0.994357 0.0518525 0.0925526 9.37189
0.0628993 -0.00967704 0.997973 8.45567 0.0524151 0.998605 0.0063796 -0.522456 -0.996643 0.0519076 0.0633188 9.398
0.0381961 -0.00912287 0.999229 8.81297 0.0575489 0.998319 0.00691473 -0.521719 -0.997612 0.0572404 0.0386569 9.41552
0.0153162 -0.00755133 0.999854 9.17857 0.0608469 0.998125 0.0066062 -0.511325 -0.99803 0.0607368 0.0157469 9.41794
-0.00552079 -0.00772125 0.999955 9.53314 0.0657974 0.9978 0.00806788 -0.515501 -0.997818 0.0658389 -0.00500061 9.414
-0.0234469 -0.00841038 0.99969 9.88173 0.0706446 0.997451 0.0100485 -0.512867 -0.997226 0.0708583 -0.022793 9.40709
-0.0393949 -0.00887133 0.999184 10.2214 0.0743897 0.99716 0.0117863 -0.51886 -0.996451 0.0747934 -0.0386231 9.39523
-0.0532463 -0.00931019 0.998538 10.5751 0.0769002 0.996949 0.013396 -0.5139 -0.995616 0.0775011 -0.0523679 9.37228
-0.0675274 -0.00989005 0.997668 10.8926 0.0772583 0.996897 0.0151116 -0.509182 -0.994722 0.0780986 -0.0665538 9.35445
-0.0794619 -0.00875933 0.996799 11.2743 0.0780423 0.996837 0.014981 -0.490917 -0.993778 0.078983 -0.078527 9.31955
-0.0906794 -0.00642189 0.995859 11.6348 0.0778355 0.996875 0.0135159 -0.4934 -0.992834 0.0787388 -0.0898962 9.28961
-0.10162 -0.00273744 0.994819 11.9846 0.0779187 0.996902 0.0107025 -0.489254 -0.991767 0.0786026 -0.101092 9.25867
-0.110765 -0.000147849 0.993847 12.3365 0.0811548 0.996659 0.00919305 -0.485232 -0.990528 0.0816737 -0.110383 9.21911
-0.118034 0.00106226 0.993009 12.6771 0.0848249 0.996355 0.00901685 -0.488838 -0.98938 0.0852962 -0.117694 9.17624
-0.12511 0.00314458 0.992138 13.0876 0.0783039 0.996907 0.00671456 -0.469028 -0.989048 0.0785283 -0.12497 9.13207
-0.129929 0.00462062 0.991513 13.4805 0.079676 0.996804 0.00579555 -0.464222 -0.988317 0.0797528 -0.129882 9.0846
-0.135782 0.00684644 0.990715 13.8406 0.0790878 0.99686 0.00395045 -0.463578 -0.987577 0.0788899 -0.135897 9.05845
-0.139876 0.0079502 0.990137 14.2209 0.0791001 0.996862 0.00317019 -0.463621 -0.987005 0.0787634 -0.140065 9.00969
-0.141508 0.00459306 0.989926 14.5947 0.0777629 0.996951 0.00649043 -0.473538 -0.986878 0.077898 -0.141434 8.94726
-0.143667 0.00148091 0.989625 14.8823 0.0762699 0.997041 0.00958037 -0.486034 -0.986683 0.076855 -0.143355 8.89057
-0.147096 0.00397359 0.989114 15.309 0.0721871 0.997368 0.00672857 -0.466611 -0.986485 0.072391 -0.146996 8.84308
-0.146458 0.0054114 0.989202 15.5853 0.0834871 0.996485 0.00690959 -0.471633 -0.985688 0.0835976 -0.146395 8.7722
-0.150616 0.00689448 0.988568 16.2457 0.0802154 0.996764 0.00526981 -0.432228 -0.985333 0.0800922 -0.150682 8.74045
-0.149045 0.00646174 0.988809 16.6503 0.0770708 0.997013 0.00510164 -0.466239 -0.985822 0.0769687 -0.149097 8.60335
-0.150523 0.00741977 0.988579 16.8871 0.0787164 0.996887 0.00450342 -0.437544 -0.985468 0.0784953 -0.150639 8.59781
-0.148469 0.00547581 0.988902 17.3059 0.0773635 0.996984 0.00609444 -0.505602 -0.985886 0.0774097 -0.148445 8.46271
-0.148496 0.00886528 0.988873 17.6823 0.0786003 0.996902 0.00286587 -0.444894 -0.985784 0.0781513 -0.148732 8.47232
-0.146771 0.00844205 0.989135 18.0925 0.0779338 0.996954 0.00305526 -0.438762 -0.986096 0.0775355 -0.146981 8.40841
-0.145854 0.00897645 0.989265 18.4855 0.0784793 0.996913 0.00252492 -0.44479 -0.986188 0.0780051 -0.146109 8.3512
-0.145023 0.00953191 0.989382 18.8751 0.0810121 0.996711 0.00227216 -0.449858 -0.986106 0.0804814 -0.145318 8.30169
-0.14149 0.0104515 0.989885 19.3724 0.0813083 0.996688 0.0010985 -0.447247 -0.986595 0.0806412 -0.141871 8.2032
-0.142102 0.0109166 0.989792 19.8115 0.0796005 0.996827 0.000433811 -0.440659 -0.986646 0.0788496 -0.14252 8.15531
-0.14089 0.00750524 0.989997 20.2008 0.081761 0.996644 0.00408004 -0.462225 -0.986643 0.081518 -0.14103 8.09786
-0.140471 0.00537545 0.99007 20.5505 0.0848929 0.996368 0.00663498 -0.474589 -0.986439 0.0849819 -0.140418 8.05931
-0.139626 0.00789725 0.990173 21.0587 0.0866334 0.996231 0.00427079 -0.450053 -0.986407 0.0863784 -0.139784 7.98189
-0.139988 0.00967396 0.990106 21.4919 0.0881318 0.996105 0.00272812 -0.448609 -0.986223 0.0876418 -0.140295 7.94929
-0.139073 0.00946445 0.990237 21.9032 0.0880635 0.996111 0.00284745 -0.447413 -0.986359 0.0875997 -0.139366 7.89403
-0.139078 0.00937726 0.990237 22.3622 0.0893989 0.995991 0.00312421 -0.446782 -0.986238 0.0889606 -0.139358 7.83542
-0.137611 0.00909099 0.990445 22.7615 0.0867889 0.996222 0.00291435 -0.436485 -0.986677 0.0863606 -0.137881 7.76008
-0.139934 0.00948313 0.990115 23.2241 0.0905947 0.995882 0.00326543 -0.444255 -0.986008 0.0901562 -0.140216 7.74633
-0.138742 0.00869397 0.99029 23.6048 0.0901972 0.995916 0.00389346 -0.451716 -0.986213 0.0898616 -0.138959 7.66817
-0.138944 0.0100403 0.990249 24.0522 0.0895996 0.995975 0.00247356 -0.445073 -0.986239 0.0890696 -0.139284 7.61057
-0.138209 0.00974053 0.990355 24.478 0.0908393 0.995861 0.00288241 -0.458872 -0.986228 0.0903616 -0.138522 7.53963
-0.140061 0.010088 0.990091 24.9294 0.0908135 0.995864 0.00269995 -0.467602 -0.985969 0.0902918 -0.140398 7.48046
-0.141716 0.0109701 0.989847 25.3662 0.0893175 0.996002 0.00174925 -0.467055 -0.98587 0.0886585 -0.142129 7.42765
-0.143518 0.0102312 0.989595 25.8311 0.0892207 0.996008 0.00264191 -0.472419 -0.985618 0.0886715 -0.143858 7.36535
-0.14479 0.00996944 0.989412 26.2644 0.0882222 0.996097 0.00287363 -0.470742 -0.985521 0.0877042 -0.145105 7.31329
-0.144991 0.00904294 0.989392 26.7256 0.0862182 0.99627 0.00352912 -0.470255 -0.985669 0.0858152 -0.14523 7.24847
-0.145783 0.00979994 0.989268 27.1679 0.0851717 0.996363 0.00268109 -0.468567 -0.985643 0.0846485 -0.146088 7.17193
-0.148947 0.0116267 0.988777 27.6261 0.0841737 0.996451 0.000962798 -0.462704 -0.985256 0.0833724 -0.149397 7.11076
-0.15305 0.0118189 0.988148 28.0948 0.0845841 0.996416 0.00118309 -0.469896 -0.984592 0.0837626 -0.153501 7.04171
-0.157033 0.0110785 0.987531 28.5816 0.0836783 0.996491 0.00212714 -0.478854 -0.984042 0.082969 -0.157409 6.95593
-0.161858 0.0103064 0.98676 29.0474 0.0831159 0.996535 0.00322499 -0.485999 -0.983307 0.0825374 -0.162154 6.88664
-0.166137 0.0105937 0.986046 29.5423 0.0818791 0.996637 0.00308815 -0.487833 -0.982698 0.0812496 -0.166445 6.7985
-0.171315 0.011766 0.985146 30.0023 0.0797785 0.996811 0.00196798 -0.502185 -0.981981 0.0789307 -0.171707 6.73589
-0.175748 0.0139611 0.984336 30.4716 0.0794956 0.996835 5.50884e-05 -0.499293 -0.98122 0.0782601 -0.176301 6.64721
-0.180747 0.0147003 0.98342 31.0095 0.0787614 0.996893 -0.00042582 -0.492261 -0.980371 0.0773786 -0.181343 6.55802
-0.186805 0.0133928 0.982306 31.4686 0.076145 0.997096 0.000886064 -0.517811 -0.979442 0.0749632 -0.187283 6.50166
-0.191453 0.0140605 0.981401 31.9847 0.0771832 0.997017 0.000772743 -0.507255 -0.978462 0.0758956 -0.191967 6.38269
-0.197388 0.0134497 0.980233 32.4796 0.0757975 0.997122 0.00158175 -0.509813 -0.977391 0.0746114 -0.197839 6.29281
-0.203278 0.013147 0.979033 32.9955 0.07535 0.997155 0.00225467 -0.511954 -0.976217 0.0742284 -0.20369 6.19885
-0.208263 0.0151861 0.977955 33.4808 0.0787237 0.996896 0.00128456 -0.516817 -0.9749 0.0772557 -0.208812 6.0988
-0.215119 0.0158626 0.976459 33.9952 0.0743924 0.997229 0.000188979 -0.514301 -0.97375 0.0726818 -0.215703 6.00368
-0.22134 0.0158865 0.975067 34.4917 0.0742933 0.997236 0.00061684 -0.512975 -0.972363 0.0725775 -0.221909 5.90736
-0.226886 0.0159954 0.97379 34.9655 0.0730361 0.997329 0.000634822 -0.517543 -0.971179 0.0712659 -0.227448 5.80754
-0.230909 0.0155816 0.972851 35.5867 0.0689527 0.99762 0.000387801 -0.513803 -0.970529 0.0671702 -0.231434 5.59771
-0.237558 0.0174488 0.971217 35.9537 0.0728778 0.997341 -9.23717e-05 -0.524889 -0.968636 0.0707581 -0.238198 5.58915
-0.242242 0.0163782 0.970077 36.4535 0.072332 0.99738 0.00122318 -0.51957 -0.967516 0.0704639 -0.242792 5.48323
-0.24252 0.0177473 0.969984 36.9917 0.0947409 0.995487 0.00547363 -0.607354 -0.965509 0.0932246 -0.243107 5.28635
-0.245825 0.0184005 0.96914 37.529 0.0952061 0.995444 0.00524932 -0.606235 -0.964627 0.0935584 -0.246456 5.14537
-0.251533 0.0175067 0.96769 38.0091 0.0785933 0.996904 0.00239367 -0.539114 -0.964652 0.0766561 -0.252131 5.02304
-0.254455 0.0177188 0.966922 38.517 0.0767992 0.997045 0.00193965 -0.534062 -0.96403 0.0747525 -0.255063 4.8865
-0.258467 0.016933 0.965872 38.9986 0.0709347 0.99748 0.00149498 -0.535142 -0.963412 0.0689002 -0.259017 4.75237
-0.261538 0.0179634 0.965026 39.4931 0.0750131 0.997181 0.00176785 -0.557805 -0.962274 0.0728519 -0.262148 4.57878
-0.267509 0.0179041 0.963389 39.9627 0.0742756 0.997236 0.00209135 -0.558805 -0.960688 0.0721157 -0.268099 4.49592
-0.271555 0.0181438 0.962252 40.4807 0.0744817 0.99722 0.00221624 -0.563435 -0.959536 0.072272 -0.272152 4.34367
-0.275908 0.0191234 0.960994 40.9696 0.0745491 0.997216 0.00155935 -0.558458 -0.958289 0.0720715 -0.276565 4.19852
-0.280617 0.0186299 0.959639 41.4628 0.0732902 0.997309 0.00207032 -0.566486 -0.957017 0.0709131 -0.281227 4.05529
-0.285563 0.0182488 0.958186 41.915 0.0737557 0.997272 0.00298782 -0.575012 -0.955518 0.0715249 -0.28613 3.95423
-0.289838 0.0183805 0.956899 42.4225 0.0744601 0.997218 0.00339846 -0.575511 -0.954175 0.0722358 -0.290401 3.8059
-0.293865 0.0191939 0.955654 42.922 0.0756689 0.997128 0.00324139 -0.580816 -0.952847 0.0732658 -0.294473 3.65663
-0.297946 0.0198643 0.954376 43.4216 0.0759112 0.99711 0.00294484 -0.586273 -0.95156 0.0733253 -0.298592 3.51235
-0.301186 0.0221034 0.953309 43.9385 0.0754284 0.997151 0.000710702 -0.581132 -0.950577 0.0721206 -0.301995 3.34387
-0.304153 0.0229378 0.952347 44.4484 0.0757687 0.997125 0.000182081 -0.585331 -0.949605 0.0722135 -0.305017 3.17195
-0.307518 0.0237561 0.951246 44.9694 0.075275 0.997163 -0.000567951 -0.588185 -0.94856 0.0714303 -0.308434 3.00641
-0.311104 0.0236998 0.95008 45.4749 0.076388 0.997078 0.000141032 -0.598488 -0.947301 0.0726186 -0.312005 2.84324
-0.315263 0.0237428 0.948707 46.0004 0.0755654 0.997141 0.000156089 -0.599099 -0.945991 0.0717387 -0.316156 2.67486
-0.318818 0.0247786 0.947492 46.5074 0.0780751 0.996947 0.000199208 -0.601527 -0.944595 0.0740391 -0.319779 2.50313
-0.322316 0.0253134 0.946293 47.0152 0.0801195 0.996785 0.000625376 -0.60191 -0.943235 0.0760181 -0.323308 2.34005
-0.32497 0.0251809 0.945389 47.5489 0.0807923 0.99673 0.00122331 -0.600115 -0.942267 0.0767777 -0.325942 2.1569
-0.328006 0.0240242 0.94437 48.0487 0.079983 0.996793 0.00242255 -0.611161 -0.941284 0.0763282 -0.328876 1.99262
-0.330819 0.0244843 0.943376 48.5659 0.0788022 0.996889 0.00176092 -0.615576 -0.940398 0.0749227 -0.331719 1.81602
-0.33393 0.0263863 0.942228 49.0834 0.0781446 0.996942 -0.000223709 -0.621735 -0.939353 0.0735554 -0.334971 1.63479
-0.33733 0.0283828 0.940959 49.5838 0.0773861 0.996998 -0.00233054 -0.615759 -0.9382 0.072031 -0.338514 1.45939
-0.340617 0.0288783 0.939759 50.1173 0.0766616 0.997053 -0.00285286 -0.633265 -0.937072 0.0710717 -0.341827 1.27349
-0.343994 0.0297865 0.938499 50.6359 0.0751498 0.997164 -0.00410326 -0.637914 -0.93596 0.0691165 -0.345257 1.08961
-0.347862 0.0298819 0.93707 51.1569 0.0757191 0.997122 -0.00368825 -0.648325 -0.934483 0.069671 -0.349123 0.899279
-0.351147 0.0293399 0.935861 51.6914 0.0761038 0.997096 -0.00270453 -0.656746 -0.933222 0.0702729 -0.35236 0.687327
-0.35493 0.0285272 0.934457 52.2174 0.0752637 0.997162 -0.00185444 -0.661476 -0.931858 0.0696725 -0.35607 0.495559
-0.359603 0.0285253 0.932669 52.7358 0.0758424 0.997119 -0.00125444 -0.6662 -0.930018 0.0702848 -0.360731 0.32106
-0.362642 0.0281384 0.931504 53.2547 0.0740831 0.997251 -0.00128335 -0.672173 -0.928979 0.0685433 -0.363729 0.100498
-0.366888 0.0290584 0.929811 53.7773 0.0735603 0.997288 -0.00214148 -0.675574 -0.927352 0.0676115 -0.368031 -0.0914003
-0.36967 0.0293445 0.9287 54.3122 0.073111 0.997321 -0.00241086 -0.684115 -0.926282 0.0670069 -0.370825 -0.314166
-0.372734 0.0299599 0.927454 54.8237 0.0740298 0.997253 -0.00246281 -0.692318 -0.92498 0.0677413 -0.373928 -0.519801
-0.375195 0.029636 0.926472 55.3471 0.0753376 0.997157 -0.00138752 -0.696403 -0.923879 0.0692776 -0.376361 -0.737918
-0.37768 0.0287908 0.925488 55.8854 0.0754059 0.997153 -0.000248015 -0.702754 -0.922861 0.0696936 -0.378776 -0.961784
-0.381205 0.0303126 0.923993 56.4037 0.0775096 0.996991 -0.000729789 -0.701204 -0.921235 0.0713402 -0.382408 -1.16284
-0.383165 0.0315377 0.923142 56.9259 0.0769218 0.997035 -0.00213452 -0.689926 -0.920472 0.0701918 -0.384454 -1.3928
-0.385982 0.0317131 0.921961 57.432 0.0763356 0.997079 -0.00233883 -0.693308 -0.919343 0.0694757 -0.387276 -1.60817
-0.388833 0.0336849 0.920692 57.9252 0.0758114 0.997112 -0.00446367 -0.680828 -0.918184 0.0680634 -0.390264 -1.80525
-0.391571 0.0339413 0.919522 58.4616 0.0756224 0.997126 -0.00460262 -0.702353 -0.917035 0.0677342 -0.393012 -2.0471
-0.393565 0.0338527 0.918673 58.9769 0.0736101 0.997273 -0.00521407 -0.71389 -0.916345 0.0655716 -0.394984 -2.28218
-0.395928 0.0347826 0.917622 59.4834 0.0745306 0.997203 -0.0056412 -0.716972 -0.915252 0.0661575 -0.397413 -2.51899
-0.398647 0.0338684 0.916479 59.9959 0.0745935 0.997204 -0.00440512 -0.714319 -0.914066 0.0666073 -0.400059 -2.7474
-0.401614 0.0330885 0.915211 60.5133 0.0760894 0.997097 -0.00265941 -0.737824 -0.912643 0.0685698 -0.402966 -2.95889
-0.404073 0.0316178 0.91418 61.0451 0.0746123 0.997211 -0.00151038 -0.762701 -0.911679 0.0675988 -0.405306 -3.21796
-0.408175 0.0338185 0.912277 61.5753 0.0728716 0.997332 -0.00436695 -0.724199 -0.909991 0.0646966 -0.40955 -3.42407
-0.408338 0.0305092 0.912321 62.0607 0.0706253 0.997501 -0.0017472 -0.779825 -0.910094 0.0637194 -0.409473 -3.7413
-0.414681 0.0324857 0.909387 62.603 0.0710198 0.99747 -0.0032472 -0.743193 -0.907191 0.0632379 -0.415939 -3.89728
-0.417393 0.0325709 0.908142 63.12 0.0710452 0.997468 -0.00312143 -0.751715 -0.905944 0.0632163 -0.418651 -4.14942
-0.421441 0.0314915 0.906309 63.6264 0.0691897 0.9976 -0.00248978 -0.766377 -0.904212 0.061658 -0.422609 -4.39272
-0.423907 0.0304971 0.905192 64.1557 0.0691063 0.997609 -0.00124783 -0.779746 -0.903066 0.0620255 -0.425 -4.64478
-0.429173 0.0314105 0.902676 64.6506 0.067354 0.997726 -0.00269484 -0.772647 -0.900707 0.0596422 -0.430313 -4.88709
-0.432701 0.0317351 0.900979 65.1579 0.0671693 0.997737 -0.00288469 -0.782902 -0.899032 0.0592699 -0.433854 -5.1415
-0.436213 0.0316216 0.899288 65.6763 0.0663765 0.99779 -0.0028883 -0.786388 -0.897392 0.0584317 -0.437348 -5.40501
-0.439384 0.0312234 0.897757 66.1745 0.0658676 0.997825 -0.00246646 -0.795425 -0.895881 0.0580494 -0.440485 -5.66657
-0.446181 0.0320901 0.894367 66.7376 0.0647296 0.997897 -0.00351257 -0.796213 -0.892599 0.0563248 -0.447319 -5.88704
-0.45231 0.0326582 0.891263 67.2725 0.0651238 0.997871 -0.00351472 -0.800783 -0.88948 0.0564527 -0.453473 -6.11732
-0.450239 0.0314195 0.892355 67.7023 0.0650167 0.997881 -0.00233077 -0.826317 -0.890538 0.0569686 -0.451328 -6.45127
-0.452843 0.0310099 0.891051 68.1727 0.0643883 0.997923 -0.00200627 -0.848458 -0.889262 0.0564647 -0.453899 -6.72259
-0.456451 0.0330853 0.889133 68.7042 0.0652727 0.997861 -0.00362232 -0.836843 -0.887351 0.0563827 -0.457634 -7.00213
-0.458187 0.0333805 0.888229 69.207 0.0658795 0.997821 -0.00351564 -0.851743 -0.886411 0.0569052 -0.459388 -7.29959
-0.460366 0.0344607 0.88706 69.6765 0.0667859 0.997759 -0.00410062 -0.859868 -0.885214 0.0573554 -0.461635 -7.55436
-0.464718 0.0350438 0.884765 70.2506 0.0674345 0.997715 -0.00409799 -0.900209 -0.882887 0.0577593 -0.466019 -7.82064
-0.466444 0.0369406 0.883779 70.714 0.0697312 0.997554 -0.00489327 -0.886677 -0.881798 0.0593445 -0.467879 -8.09761
-0.469696 0.0371146 0.882048 71.2061 0.0674246 0.997706 -0.00607715 -0.88648 -0.88025 0.0566173 -0.471121 -8.38864
-0.472089 0.0365295 0.880793 71.6855 0.0655893 0.997827 -0.00622861 -0.884536 -0.879107 0.0548302 -0.47346 -8.68262
-0.477107 0.0374066 0.878049 72.2945 0.0664446 0.99777 -0.00640285 -0.90903 -0.87633 0.0552868 -0.478528 -8.96203
-0.478251 0.0365719 0.877461 72.6884 0.0627373 0.998003 -0.00740158 -0.898182 -0.875979 0.0515097 -0.479591 -9.27659
-0.481456 0.0336379 0.875824 73.2362 0.0583863 0.998275 -0.00624479 -0.936298 -0.874523 0.0481296 -0.48259 -9.58692
-0.48394 0.0334973 0.87446 73.7615 0.0575698 0.998321 -0.00638193 -0.934078 -0.873206 0.047254 -0.485056 -9.90451
-0.48697 0.0323695 0.872819 74.3221 0.0583454 0.998286 -0.00447006 -0.958145 -0.871468 0.0487482 -0.488024 -10.1978
-0.487235 0.0331226 0.872643 74.7904 0.0570943 0.998351 -0.00601577 -0.913781 -0.871403 0.0468918 -0.488322 -10.551
-0.489348 0.0319256 0.871504 75.2916 0.0559301 0.998421 -0.00517027 -0.921407 -0.870293 0.0462132 -0.490361 -10.8658
-0.49317 0.0290931 0.869446 75.9828 0.0538131 0.998547 -0.00288904 -0.975427 -0.868267 0.0453628 -0.494019 -11.2162
-0.495924 0.0284628 0.867899 76.5546 0.0546632 0.998504 -0.00151102 -0.992889 -0.866644 0.0466928 -0.496738 -11.5402
-0.498213 0.0276008 0.866615 77.0766 0.0519814 0.998646 -0.00192201 -0.974217 -0.865495 0.0440903 -0.498973 -11.8852
-0.49907 0.0271048 0.866137 77.6455 0.0492325 0.998783 -0.00288795 -0.979852 -0.865162 0.0412009 -0.499797 -12.2627
-0.502606 0.028534 0.864044 78.1841 0.0475203 0.998856 -0.00534391 -0.979251 -0.863208 0.0383738 -0.503387 -12.567
-0.506321 0.0258078 0.861959 78.7237 0.0435712 0.999041 -0.00431809 -0.987927 -0.861243 0.0353702 -0.50696 -12.9173
-0.511127 0.0233756 0.859187 79.2437 0.0363902 0.999322 -0.00553986 -0.97718 -0.858734 0.0284344 -0.511632 -13.2286
-0.516342 0.0159107 0.856235 79.8273 0.0286413 0.999589 -0.00130277 -1.0494 -0.855903 0.023851 -0.516585 -13.6113
-0.519995 0.0114613 0.854093 80.5001 0.024993 0.999686 0.00180135 -1.11265 -0.853804 0.022283 -0.520118 -14.0723
-0.524928 0.0115227 0.851069 81.0647 0.0274739 0.999617 0.00341162 -1.153 -0.850703 0.025173 -0.525043 -14.4247
-0.525486 0.00964696 0.850747 81.6628 0.0207315 0.999784 0.00146842 -1.12725 -0.850549 0.0184089 -0.525573 -14.928
-0.531299 0.00745436 0.847152 82.1915 0.0141539 0.9999 7.82855e-05 -1.13035 -0.847066 0.0120321 -0.531351 -15.2863
-0.533124 0.0032711 0.846031 82.7684 0.00826455 0.999965 0.0013416 -1.16396 -0.845997 0.0077073 -0.533132 -15.7355
-0.537306 -0.00203315 0.843385 83.4102 0.00207278 0.999991 0.00373121 -1.1911 -0.843385 0.00375295 -0.537297 -16.1675
-0.539414 0.00451515 0.842028 83.8256 0.011394 0.999933 0.00193728 -1.11252 -0.841963 0.0106391 -0.53943 -16.3511
-0.543438 0.00142043 0.839448 84.3687 0.00648057 0.999976 0.0025033 -1.13957 -0.839424 0.00680049 -0.543434 -16.7213
-0.546887 -0.000472408 0.837206 84.9164 0.00717957 0.99996 0.00525414 -1.19002 -0.837176 0.00888421 -0.546862 -17.1211
-0.549616 -0.00302138 0.835412 85.5037 0.00710864 0.99994 0.00829318 -1.23771 -0.835387 0.0104967 -0.549561 -17.5832
-0.556471 0.00712755 0.830837 85.9779 0.0203688 0.99978 0.00506554 -1.10208 -0.830618 0.0197419 -0.556493 -17.721
-0.560081 0.00589443 0.828417 86.5576 0.0183984 0.999817 0.0053249 -1.09515 -0.828233 0.0182239 -0.560087 -18.1282
-0.563845 0.00380677 0.825872 87.1227 0.0152792 0.999866 0.00582275 -1.09037 -0.825739 0.0159018 -0.563828 -18.5288
-0.565956 0.0017871 0.824433 87.6945 0.0123389 0.999904 0.00630292 -1.09382 -0.824343 0.0137398 -0.565924 -18.9529
-0.571339 0.00515439 0.820698 88.2821 0.0173916 0.999832 0.00582791 -1.0914 -0.82053 0.0176029 -0.571332 -19.1886
-0.575739 0.00427772 0.817622 88.9075 0.0138866 0.999893 0.00454707 -1.09342 -0.817516 0.0139719 -0.575737 -19.5828
-0.578111 0.00382616 0.81595 89.4345 0.0101045 0.999946 0.0024702 -1.08352 -0.815896 0.00967279 -0.578118 -19.9913
-0.582009 -4.51463e-05 0.813182 89.9992 0.00637974 0.999969 0.00462161 -1.09714 -0.813157 0.00787771 -0.581991 -20.3787
-0.586481 0.000482178 0.809963 90.6515 0.00942663 0.999936 0.00623041 -1.11019 -0.809908 0.0112892 -0.586448 -20.7475
-0.589885 0.000814615 0.807487 91.2091 0.00966218 0.999935 0.00604965 -1.1181 -0.80743 0.0113707 -0.589854 -21.1446
-0.592326 -0.0010959 0.805697 91.7501 0.0070873 0.999953 0.00657051 -1.12729 -0.805667 0.0096021 -0.592291 -21.5638
-0.594238 -0.00653296 0.804263 92.3168 0.00295923 0.999942 0.0103089 -1.14794 -0.804284 0.00850593 -0.594184 -22.0267
-0.59774 -0.00494031 0.801675 92.8805 0.00457627 0.999944 0.00957427 -1.12327 -0.801677 0.0093916 -0.597683 -22.3443
-0.601838 -0.0055353 0.798599 93.4672 0.00384575 0.999944 0.00982909 -1.12297 -0.798609 0.00898673 -0.601783 -22.7472
-0.606052 -0.0062039 0.795401 94.052 0.00266711 0.999948 0.00983149 -1.13441 -0.795421 0.00807981 -0.606004 -23.149
-0.604834 -0.00675805 0.796323 94.5777 0.00361592 0.99993 0.0112324 -1.14224 -0.796343 0.00967317 -0.604767 -23.6327
-0.612054 -0.00583494 0.790795 95.0219 0.0037212 0.99994 0.0102583 -1.11469 -0.790807 0.00922131 -0.611996 -23.8879
-0.615418 -0.00743437 0.788166 95.56 0.000409903 0.999952 0.00975211 -1.11586 -0.788201 0.00632469 -0.615386 -24.2884
-0.614925 -0.0117698 0.788498 94.0772 -0.010753 0.999921 0.00653978 -1.11451 -0.788512 -0.00445721 -0.615003 -23.2447
-0.617881 -0.0103699 0.786204 94.1132 -0.0193192 0.999811 -0.00199578 -1.13356 -0.786035 -0.016422 -0.617964 -23.284
-0.620131 -0.000326597 0.784498 94.1396 -0.0101886 0.999919 -0.00763763 -1.1235 -0.784432 -0.0127293 -0.620084 -23.3074
-0.621398 0.00152906 0.783494 94.1788 -0.00158363 0.999994 -0.00320757 -1.12437 -0.783494 -0.00323394 -0.621391 -23.3416
-0.624001 -0.0151519 0.781277 94.1974 -0.0134954 0.999872 0.00861253 -1.16186 -0.781307 -0.00516941 -0.624126 -23.3583
-0.62624 -0.0175585 0.779432 94.2548 -0.00775353 0.999837 0.016294 -1.1233 -0.779592 0.00416062 -0.626274 -23.4054
-0.631065 -0.0283167 0.775213 94.2941 -0.0216994 0.999587 0.0188481 -1.13034 -0.775426 -0.00492731 -0.631419 -23.4065
-0.633021 -0.027551 0.773644 94.3184 -0.020743 0.999611 0.0186256 -1.12714 -0.773857 -0.00425737 -0.633346 -23.45
-0.635942 -0.0206139 0.771461 94.3529 -0.0131781 0.999788 0.0158517 -1.11848 -0.771624 -8.56075e-05 -0.636079 -23.4793
-0.637756 -0.0136822 0.770117 94.388 -0.00736698 0.999905 0.0116639 -1.12184 -0.770203 0.0017653 -0.637796 -23.5179
-0.639681 -0.0131641 0.768528 94.3764 -0.0119169 0.999903 0.00720836 -1.11405 -0.768548 -0.0045474 -0.639776 -23.5419
-0.642596 -0.0136656 0.766083 94.4163 -0.011974 0.999898 0.00779258 -1.12024 -0.766112 -0.00416561 -0.642694 -23.5798
-0.644744 -0.0143598 0.764264 94.4505 -0.0117746 0.999891 0.0088538 -1.119 -0.764308 -0.00329049 -0.644843 -23.6212
-0.647059 -0.0135844 0.762318 94.4814 -0.00948197 0.999907 0.00976982 -1.10596 -0.762381 -0.00090663 -0.647128 -23.6594
-0.648295 -0.0140647 0.76126 94.4901 -0.0100587 0.9999 0.00990759 -1.11002 -0.761323 -0.00123426 -0.648372 -23.6956
-0.649139 -0.0140609 0.76054 94.521 -0.0100847 0.9999 0.00987869 -1.11005 -0.760603 -0.00125717 -0.649216 -23.7393
-0.650189 -0.0139003 0.759646 94.5626 -0.00965965 0.999903 0.0100288 -1.1136 -0.759711 -0.000817266 -0.65026 -23.7828
-0.650983 -0.0142284 0.758959 94.5854 -0.00801573 0.999897 0.01187 -1.11056 -0.75905 0.00164358 -0.65103 -23.8245
-0.651898 -0.0152869 0.758153 94.6031 -0.00650426 0.999873 0.0145681 -1.11585 -0.758279 0.00456567 -0.651914 -23.8555
-0.652876 -0.0154237 0.757307 94.6369 -0.00456368 0.999855 0.0164291 -1.11502 -0.757451 0.00727009 -0.652852 -23.8954
-0.654209 -0.0155378 0.756154 94.6649 -0.00630749 0.999866 0.0150885 -1.11608 -0.756287 0.00510163 -0.65422 -23.9297
-0.654917 -0.0151995 0.755548 94.6921 -0.0102097 0.999884 0.011265 -1.1147 -0.755632 -0.000336294 -0.654996 -23.9758
-0.655727 -0.0160929 0.754826 94.7215 -0.0134697 0.999863 0.00961569 -1.11253 -0.754878 -0.00386204 -0.655854 -24.0089
-0.656382 -0.0162249 0.754254 94.7619 -0.0134558 0.999861 0.00979848 -1.10942 -0.754309 -0.00371752 -0.656509 -24.0537
-0.657096 -0.0175586 0.753602 94.8021 -0.0154833 0.999832 0.00979513 -1.10984 -0.753648 -0.00523189 -0.657258 -24.0951
-0.657 -0.0190709 0.75365 94.8463 -0.019256 0.999778 0.00851252 -1.11191 -0.753645 -0.00891956 -0.657221 -24.1475
-0.657535 -0.0192262 0.753179 94.8691 -0.0196844 0.999771 0.00833614 -1.10873 -0.753167 -0.00934458 -0.657763 -24.1823
-0.657677 -0.0245256 0.752901 94.9105 -0.0254586 0.999623 0.0103238 -1.10613 -0.75287 -0.0123781 -0.658053 -24.2333
-0.657998 -0.0233241 0.752658 94.9488 -0.0183005 0.99972 0.0149815 -1.11333 -0.752797 -0.00391622 -0.658241 -24.2651
-0.655869 -0.0253661 0.754448 94.9609 -0.0160692 0.999678 0.0196418 -1.09919 -0.754704 0.000759075 -0.656065 -24.3252
-0.654678 -0.0236567 0.755537 95.0135 -0.00836117 0.999676 0.0240559 -1.10503 -0.755861 0.00943167 -0.654664 -24.3523
-0.652634 -0.0269442 0.757194 95.0495 -0.0156187 0.999634 0.0221093 -1.10473 -0.757512 0.00260288 -0.652816 -24.4009
-0.651064 -0.0275093 0.758524 95.0954 -0.0226071 0.999602 0.0168481 -1.1026 -0.758686 -0.0061789 -0.651427 -24.4529
-0.64916 -0.0287405 0.760109 95.1231 -0.026763 0.99953 0.0149368 -1.09669 -0.760181 -0.0106464 -0.649624 -24.485
-0.65007 -0.0310301 0.75924 95.1957 -0.0297554 0.999439 0.0153701 -1.10956 -0.759291 -0.0125999 -0.650629 -24.5098
-0.643592 -0.0307585 0.76475 95.2149 -0.029787 0.999442 0.01513 -1.09931 -0.764789 -0.0130421 -0.644149 -24.5855
-0.63983 -0.031079 0.767887 95.2495 -0.0300533 0.99943 0.0154089 -1.09701 -0.767928 -0.0132184 -0.640399 -24.6339
-0.636887 -0.0315516 0.770312 95.2841 -0.0345172 0.999327 0.0123935 -1.09584 -0.770184 -0.0186957 -0.637547 -24.6824
-0.635998 -0.0329807 0.770985 95.2856 -0.034605 0.9993 0.0142013 -1.11686 -0.770914 -0.0176479 -0.636695 -24.6596
-0.633848 -0.0394283 0.772452 95.288 -0.044249 0.998913 0.0146783 -1.1107 -0.772191 -0.0248764 -0.634904 -24.6819
-0.632972 -0.0430668 0.772976 95.3356 -0.0518279 0.998569 0.0131953 -1.11053 -0.772438 -0.0317095 -0.634298 -24.7313
-0.631865 -0.0433387 0.773866 95.3713 -0.0532546 0.998504 0.0124365 -1.10986 -0.773247 -0.0333538 -0.633228 -24.7742
-0.631406 -0.0438076 0.774214 95.3869 -0.0518646 0.998553 0.0142036 -1.10764 -0.773716 -0.0311861 -0.632764 -24.7726
-0.62979 -0.0444611 0.775492 95.3972 -0.0503581 0.998597 0.0163557 -1.10257 -0.775132 -0.0287517 -0.631145 -24.7808
-0.627567 -0.0463007 0.777185 95.429 -0.0509648 0.998532 0.0183341 -1.10827 -0.776893 -0.0281033 -0.629005 -24.8277
-0.626552 -0.04678 0.777975 95.452 -0.053043 0.998442 0.017318 -1.11215 -0.777573 -0.0304155 -0.628057 -24.8501
-0.6251 -0.045598 0.779212 95.4676 -0.0543853 0.99841 0.0147962 -1.10593 -0.778648 -0.0331286 -0.626586 -24.8729
-0.623671 -0.0439508 0.780451 95.4895 -0.0533892 0.998482 0.0135649 -1.1059 -0.779862 -0.0332076 -0.62507 -24.8994
-0.62191 -0.0434189 0.781884 95.5021 -0.0516133 0.998563 0.0143982 -1.10441 -0.781386 -0.0314013 -0.623258 -24.9277
-0.620158 -0.0430497 0.783295 95.5248 -0.0494111 0.998654 0.0157655 -1.1028 -0.782919 -0.0289263 -0.62145 -24.9616
-0.618718 -0.0431773 0.784425 95.5413 -0.049475 0.998648 0.0159452 -1.10467 -0.784053 -0.0289439 -0.620018 -24.9862
-0.617233 -0.0436746 0.785568 95.5607 -0.0499886 0.998618 0.0162425 -1.10387 -0.785191 -0.029244 -0.618563 -25.0154
-0.615751 -0.0453192 0.786636 95.5776 -0.0507222 0.998554 0.0178245 -1.10296 -0.786306 -0.0289245 -0.617159 -25.0424
-0.614343 -0.0461745 0.787687 95.5962 -0.0513584 0.998509 0.0184769 -1.10237 -0.787366 -0.0291031 -0.615799 -25.0738
-0.613148 -0.0454777 0.788658 95.6062 -0.0517789 0.998508 0.0173228 -1.10399 -0.78827 -0.0302144 -0.614588 -25.0935
-0.612204 -0.0444694 0.789449 95.6247 -0.051867 0.998525 0.0160246 -1.10445 -0.788997 -0.031136 -0.613608 -25.1228
-0.610707 -0.0448464 0.790586 95.6427 -0.0514504 0.998533 0.0168982 -1.10661 -0.790184 -0.0303561 -0.612118 -25.1576
-0.609633 -0.0464739 0.791321 95.6578 -0.0525731 0.998452 0.0181364 -1.10588 -0.790939 -0.0305456 -0.611132 -25.1858
-0.608753 -0.0471488 0.791957 95.6752 -0.0529496 0.998421 0.0187398 -1.10579 -0.791591 -0.0305259 -0.610289 -25.2139
-0.608163 -0.0478413 0.792369 95.6937 -0.0538706 0.998368 0.018932 -1.10595 -0.791982 -0.0311717 -0.609748 -25.2443
-0.607832 -0.0471863 0.792663 95.7105 -0.0532877 0.998406 0.0185718 -1.10663 -0.792276 -0.0309506 -0.609377 -25.2746
-0.607171 -0.0467853 0.793193 95.7332 -0.0531016 0.998422 0.0182425 -1.10611 -0.792795 -0.0310435 -0.608697 -25.3104
-0.606958 -0.0472406 0.793328 95.7451 -0.052793 0.998424 0.0190627 -1.10075 -0.792978 -0.0303119 -0.608496 -25.3251
-0.606423 -0.0488721 0.793639 95.7595 -0.0536318 0.99835 0.0204979 -1.09963 -0.793332 -0.030134 -0.608043 -25.3493
-0.605623 -0.0504108 0.794153 95.7776 -0.0550388 0.998255 0.021394 -1.10691 -0.793846 -0.0307525 -0.607341 -25.3845
-0.605336 -0.051235 0.794319 95.7937 -0.0567389 0.998165 0.0211437 -1.10811 -0.793945 -0.0322698 -0.607133 -25.407
-0.604777 -0.0503348 0.794803 95.8136 -0.0563626 0.998203 0.020329 -1.10521 -0.794398 -0.0325026 -0.606527 -25.4361
-0.603725 -0.0492144 0.795672 95.8255 -0.0550002 0.998286 0.0200145 -1.10029 -0.795293 -0.0316789 -0.605397 -25.465
-0.602828 -0.0494437 0.796337 95.8422 -0.055327 0.998266 0.0200986 -1.09793 -0.79595 -0.031943 -0.604519 -25.4942
-0.602103 -0.0497203 0.796869 95.8564 -0.0556218 0.998246 0.0202581 -1.10368 -0.796479 -0.0321258 -0.603812 -25.5194
-0.602213 -0.0485227 0.79686 95.8802 -0.0551103 0.998297 0.0191401 -1.09861 -0.796431 -0.0323888 -0.603861 -25.5289
-0.601581 -0.0495554 0.797273 95.9174 -0.0558147 0.998242 0.019932 -1.09835 -0.796859 -0.0325088 -0.60329 -25.5676
-0.600608 -0.0504446 0.797951 95.9218 -0.0555048 0.998231 0.021328 -1.09957 -0.797615 -0.0314803 -0.602345 -25.587
-0.59804 -0.050835 0.799852 95.9276 -0.0553463 0.998223 0.0220608 -1.09209 -0.799553 -0.0310757 -0.599791 -25.6315
-0.598778 -0.0501545 0.799343 95.9501 -0.0547935 0.998264 0.0215906 -1.09572 -0.799038 -0.0308709 -0.600487 -25.6284
-0.598681 -0.0492312 0.799473 95.9823 -0.0538064 0.998327 0.0211839 -1.09459 -0.799178 -0.0303344 -0.600328 -25.6526
-0.599736 -0.0480935 0.798751 96.0411 -0.0516124 0.998439 0.0213641 -1.08703 -0.798532 -0.0284127 -0.601282 -25.672
-0.598798 -0.0519783 0.799212 96.0676 -0.0555427 0.998184 0.0233043 -1.10334 -0.798972 -0.0304358 -0.600597 -25.7
-0.598917 -0.050263 0.799232 96.0923 -0.0542947 0.99828 0.0220944 -1.09275 -0.798968 -0.0301613 -0.600616 -25.7104
-0.598917 -0.0501471 0.799239 96.1237 -0.0541357 0.99829 0.0220692 -1.09639 -0.798979 -0.0300498 -0.600608 -25.7348
-0.603161 -0.0508762 0.795995 96.1559 -0.052704 0.998325 0.0238719 -1.10378 -0.795876 -0.0275535 -0.604832 -25.6639
-0.598462 -0.0539789 0.79933 96.0514 -0.0553488 0.998129 0.025964 -1.10842 -0.799237 -0.0287035 -0.600331 -25.6919
-0.604934 -0.0547654 0.79439 96.2156 -0.0561522 0.998082 0.0260477 -1.09877 -0.794293 -0.0288496 -0.60685 -25.6762
-0.605971 -0.053915 0.793657 96.2532 -0.0575089 0.998059 0.0238914 -1.09704 -0.793405 -0.0311649 -0.607896 -25.6851
-0.607608 -0.052396 0.792507 96.285 -0.0587167 0.998054 0.020968 -1.09534 -0.792063 -0.033793 -0.609503 -25.6789
-0.609457 -0.0514399 0.791149 96.3168 -0.0572438 0.998144 0.0208011 -1.09888 -0.79075 -0.032611 -0.61127 -25.6669
-0.608335 -0.0525252 0.79194 96.365 -0.0557881 0.99817 0.0233492 -1.09806 -0.791717 -0.0299767 -0.610152 -25.732
-0.609095 -0.0536708 0.791279 96.4108 -0.0552442 0.998155 0.0251781 -1.09744 -0.791171 -0.0283778 -0.610936 -25.7488
-0.609686 -0.0536174 0.790827 96.4571 -0.0553557 0.998154 0.0249976 -1.09889 -0.790707 -0.0285361 -0.611529 -25.7693
-0.610249 -0.0532768 0.790417 96.5034 -0.0555945 0.998156 0.0243569 -1.09936 -0.790257 -0.029079 -0.612085 -25.7868
-0.610035 -0.0522169 0.790652 96.5481 -0.0540365 0.998245 0.0242345 -1.10281 -0.79053 -0.0279402 -0.611786 -25.8263
-0.61044 -0.0521035 0.790347 96.5876 -0.0529349 0.998287 0.0249266 -1.10227 -0.790292 -0.0266207 -0.612152 -25.8437
-0.610306 -0.0537998 0.790337 96.6057 -0.0541255 0.998192 0.0261526 -1.10305 -0.790315 -0.0268163 -0.612114 -25.8554
-0.610423 -0.0544378 0.790203 96.64 -0.0540747 0.998172 0.0269929 -1.10238 -0.790228 -0.0262529 -0.612251 -25.873
-0.610512 -0.0529864 0.790232 96.6759 -0.0522523 0.99828 0.0265677 -1.09924 -0.790281 -0.0250715 -0.612231 -25.8952
-0.610436 -0.0530693 0.790286 96.7352 -0.0518234 0.998291 0.0270076 -1.09823 -0.790369 -0.0244689 -0.612143 -25.9376
-0.61081 -0.0536809 0.789955 96.7706 -0.0511315 0.998291 0.0283023 -1.09871 -0.790124 -0.0231043 -0.612511 -25.9484
-0.61097 -0.0553183 0.789719 96.8036 -0.0529681 0.998177 0.0289414 -1.09857 -0.78988 -0.0241476 -0.612786 -25.9627
-0.611336 -0.0555203 0.789421 96.8493 -0.05277 0.998176 0.0293364 -1.09275 -0.78961 -0.0237234 -0.61315 -25.987
-0.61103 -0.0558729 0.789633 96.878 -0.0543367 0.998114 0.028578 -1.09565 -0.78974 -0.025444 -0.612914 -26.0032
-0.610327 -0.0543081 0.790286 96.8946 -0.0529269 0.998214 0.0277221 -1.09539 -0.79038 -0.0249078 -0.612111 -26.0222
-0.610581 -0.0524075 0.790218 96.9466 -0.0502413 0.998361 0.0273915 -1.09271 -0.790358 -0.0229768 -0.612214 -26.0353
-0.60857 -0.0534026 0.791701 96.926 -0.0503289 0.998322 0.0286526 -1.09564 -0.791902 -0.0224083 -0.610237 -26.0351
-0.608341 -0.054174 0.791824 96.9638 -0.0501123 0.998299 0.0298001 -1.09445 -0.792092 -0.0215515 -0.610021 -26.0505
-0.608512 -0.0539047 0.791711 96.9985 -0.0505618 0.998297 0.0291084 -1.0956 -0.791932 -0.0223175 -0.610201 -26.0635
-0.607243 -0.0540109 0.792678 97.0108 -0.0514366 0.998266 0.0286153 -1.09303 -0.79285 -0.0233962 -0.608968 -26.078
-0.607764 -0.0543427 0.792256 97.0332 -0.052024 0.998237 0.0285623 -1.09592 -0.792411 -0.0238572 -0.60952 -26.0741
-0.607348 -0.055081 0.792524 97.0581 -0.0526884 0.99819 0.0289973 -1.09446 -0.792686 -0.0241454 -0.609151 -26.0867
-0.606784 -0.0553381 0.792938 97.0761 -0.0528322 0.998175 0.0292323 -1.09426 -0.793109 -0.024155 -0.6086 -26.0995
-0.606895 -0.0563779 0.79278 97.1121 -0.0537856 0.998108 0.0298052 -1.094 -0.79296 -0.0245516 -0.608779 -26.1127
-0.606962 -0.0577612 0.792629 97.1382 -0.0562202 0.997977 0.0296745 -1.09468 -0.79274 -0.0265505 -0.608981 -26.125
-0.606395 -0.0558711 0.793199 97.1421 -0.0554457 0.998071 0.027914 -1.08977 -0.793228 -0.0270526 -0.608323 -26.1378
-0.607294 -0.0552755 0.792552 97.163 -0.0534213 0.99816 0.0286812 -1.08864 -0.792679 -0.0249213 -0.60913 -26.149
-0.607516 -0.0566199 0.792287 97.1865 -0.0539105 0.998095 0.0299898 -1.08795 -0.792476 -0.0244933 -0.609412 -26.1616
-0.607936 -0.0585117 0.791827 97.2041 -0.0554172 0.997976 0.0311976 -1.08965 -0.792049 -0.0249147 -0.609948 -26.172
-0.608445 -0.0581938 0.79146 97.2261 -0.0564631 0.997955 0.0299701 -1.09139 -0.791585 -0.0264531 -0.610486 -26.1834
-0.608507 -0.0564392 0.791539 97.2477 -0.0562967 0.998025 0.0278834 -1.09173 -0.791549 -0.0275938 -0.610482 -26.1956
-0.608801 -0.0544976 0.791449 97.2689 -0.0543728 0.998158 0.0269063 -1.09158 -0.791457 -0.0266527 -0.610643 -26.2064
-0.60859 -0.0547015 0.791597 97.2704 -0.0547007 0.99814 0.0269196 -1.09032 -0.791598 -0.0269179 -0.61045 -26.2103
-0.608772 -0.0553075 0.791415 97.2904 -0.0542194 0.998135 0.0280474 -1.08902 -0.79149 -0.0258356 -0.610635 -26.2222
-0.608859 -0.0562063 0.791285 97.3108 -0.0545074 0.998093 0.0289551 -1.08869 -0.791403 -0.0255013 -0.610762 -26.2343
-0.607788 -0.0562985 0.792101 97.3024 -0.0539599 0.998106 0.0295363 -1.08735 -0.792264 -0.0247899 -0.609675 -26.2461
-0.608865 -0.0558607 0.791304 97.3494 -0.0536751 0.998133 0.0291613 -1.08794 -0.791456 -0.024718 -0.610727 -26.2561
-0.608717 -0.0563739 0.791382 97.3718 -0.0555116 0.998054 0.0283976 -1.08788 -0.791443 -0.0266448 -0.610662 -26.2682
-0.608861 -0.0558716 0.791307 97.3967 -0.0539242 0.998124 0.028983 -1.08782 -0.791442 -0.025024 -0.610732 -26.2799
-0.607972 -0.0561598 0.79197 97.3923 -0.0540757 0.998108 0.0292651 -1.08571 -0.792115 -0.025034 -0.609858 -26.2908
-0.607704 -0.057099 0.792109 97.4151 -0.0548192 0.998049 0.0298871 -1.08693 -0.79227 -0.0252602 -0.609648 -26.3068
-0.608025 -0.0570472 0.791866 97.4412 -0.0551071 0.998042 0.0295871 -1.08486 -0.792003 -0.0256478 -0.609978 -26.3147
-0.607756 -0.0563173 0.792124 97.4546 -0.055601 0.998052 0.0282982 -1.08541 -0.792175 -0.0268445 -0.609703 -26.3259
-0.607126 -0.0564177 0.7926 97.467 -0.0547921 0.998074 0.029073 -1.08554 -0.792715 -0.0257773 -0.609048 -26.3406
-0.607398 -0.0570438 0.792347 97.4869 -0.0546087 0.998057 0.0299916 -1.08777 -0.792518 -0.0250522 -0.609333 -26.3392
-0.607625 -0.0576388 0.79213 97.5125 -0.0549123 0.998025 0.0304987 -1.08792 -0.792324 -0.0249659 -0.60959 -26.3486
-0.607609 -0.0567393 0.792207 97.5368 -0.0549027 0.99806 0.0293735 -1.08903 -0.792337 -0.0256467 -0.609545 -26.3589
