data = [1 0 0 0 0 1 0 0 0 0 1 0
0.996034 -0.00393032 0.0888915 0.0704415 0.00461812 0.999961 -0.00753319 -0.0338629 -0.0888585 0.00791383 0.996013 1.035
0.990992 -0.00461173 0.133841 0.165125 0.00633857 0.999902 -0.012479 -0.0376612 -0.13377 0.0132149 0.990924 1.5469
0.98384 -6.24303e-05 0.17905 0.266067 0.00317848 0.999848 -0.0171164 -0.0343202 -0.179022 0.0174089 0.983691 2.0539
0.97416 -0.00329574 0.225834 0.367943 0.00678392 0.999869 -0.0146714 -0.0671624 -0.225756 0.0158244 0.974055 2.53767
0.962452 -0.00313104 0.271433 0.49116 0.00775586 0.999842 -0.0159675 -0.083305 -0.27134 0.0174731 0.962325 3.00185
0.949014 -0.00591274 0.31518 0.640419 0.0123802 0.999752 -0.0185218 -0.0886754 -0.314992 0.0214794 0.948851 3.41094
0.933678 -0.00854711 0.358012 0.790786 0.0165832 0.999675 -0.0193821 -0.145074 -0.357729 0.0240337 0.933516 3.94575
0.916908 -0.00936671 0.398988 0.999585 0.0190237 0.999614 -0.020251 -0.139897 -0.398645 0.0261586 0.916732 4.32567
0.897587 -0.0101992 0.440719 1.21421 0.0205918 0.999611 -0.0188051 -0.156386 -0.440355 0.0259544 0.897448 4.74973
0.87555 -0.0100868 0.483022 1.40509 0.0214201 0.999609 -0.0179525 -0.157225 -0.482652 0.0260647 0.875424 5.11268
0.852306 -0.0114631 0.522918 1.73081 0.0230645 0.999611 -0.01568 -0.215007 -0.522535 0.025425 0.852239 5.55715
0.826273 -0.00972987 0.563186 1.9221 0.0232003 0.99959 -0.0167687 -0.194278 -0.562793 0.0269216 0.82616 5.88487
0.798868 -0.0117739 0.601392 2.1451 0.0269594 0.999505 -0.016244 -0.203091 -0.600902 0.02919 0.798789 6.16625
0.770298 -0.0101183 0.637604 2.54992 0.0270388 0.999493 -0.0168048 -0.220341 -0.63711 0.0301848 0.770181 6.66786
0.739508 -0.0118568 0.673043 2.96296 0.0305404 0.999406 -0.0159501 -0.240314 -0.672455 0.0323503 0.739431 7.13917
0.638736 -0.0117803 0.769336 4.07422 0.0376579 0.999163 -0.0159657 -0.284912 -0.768504 0.0391694 0.638645 8.1035
0.601379 -0.00879572 0.798915 4.44124 0.0358606 0.999229 -0.0159927 -0.290144 -0.798159 0.0382673 0.601231 8.38403
0.483152 -0.00363462 0.875529 5.58813 0.0432262 0.998871 -0.0197073 -0.33327 -0.874469 0.0473675 0.482764 9.12649
0.442974 -0.000704314 0.896534 6.0501 0.0454597 0.998731 -0.0216768 -0.256917 -0.895381 0.0503585 0.442443 9.37762
0.368836 -0.0020353 0.929492 6.7199 0.0528745 0.998424 -0.0187951 -0.361438 -0.927989 0.0560787 0.368363 9.68737
0.335647 -0.0034185 0.941982 7.16289 0.0558274 0.998308 -0.0162695 -0.373904 -0.940332 0.0580492 0.33527 9.84831
0.302495 -0.00487331 0.953139 7.67128 0.0589626 0.998167 -0.0136093 -0.384752 -0.951326 0.0603163 0.302228 10.0176
0.270276 -0.00519613 0.962769 8.1497 0.0586914 0.998215 -0.0110889 -0.405366 -0.960992 0.0595033 0.270098 10.1329
0.239104 -0.00292483 0.97099 8.6617 0.0565412 0.998341 -0.0109159 -0.421295 -0.969346 0.057511 0.238873 10.2477
0.20794 -0.00130951 0.978141 9.13887 0.0558746 0.998382 -0.0105416 -0.433273 -0.976544 0.0568452 0.207677 10.3602
0.176965 -0.00118154 0.984216 9.5427 0.0584943 0.998244 -0.00931907 -0.443392 -0.982477 0.0592202 0.176724 10.4428
0.0853722 -0.00136038 0.996348 10.8926 0.059745 0.998207 -0.00375634 -0.462042 -0.994556 0.0598475 0.0853004 10.613
0.0582524 -0.00164821 0.998301 11.2771 0.0635911 0.997974 -0.00206297 -0.487952 -0.996274 0.0636032 0.0582392 10.6344
-0.0124508 9.16698e-05 0.999922 12.7538 0.0755324 0.997143 0.000849096 -0.476756 -0.997066 0.0755371 -0.0124221 10.681
-0.0304924 -0.000417205 0.999535 13.2352 0.0777056 0.996972 0.00278667 -0.482001 -0.99651 0.0777545 -0.0303676 10.6754
-0.0449959 -0.00051512 0.998987 13.7517 0.0839139 0.996464 0.00429343 -0.484364 -0.995457 0.0840221 -0.0447935 10.6321
-0.0596367 -0.00081711 0.99822 14.2401 0.0855426 0.996317 0.00592613 -0.479224 -0.994548 0.0857437 -0.0593472 10.6087
-0.0732494 -0.00170661 0.997312 14.7212 0.0866193 0.996209 0.00806664 -0.47822 -0.993545 0.0869774 -0.0728239 10.5747
-0.0846378 -0.00241679 0.996409 15.1717 0.0854047 0.996299 0.00967104 -0.485084 -0.992745 0.0859166 -0.0841182 10.5264
-0.116081 0.00703703 0.993215 16.758 0.0879537 0.996119 0.00322193 -0.485526 -0.989338 0.087731 -0.11625 10.3576
-0.123695 0.00831595 0.992285 17.1496 0.0874984 0.996161 0.00255886 -0.478761 -0.988455 0.0871399 -0.123948 10.3117
-0.12994 0.0105151 0.991466 17.8631 0.0858125 0.996311 0.000679968 -0.461791 -0.987801 0.0851685 -0.130363 10.2283
-0.135196 0.0124946 0.99074 18.4652 0.0876256 0.996153 -0.000605488 -0.454377 -0.986937 0.0867323 -0.135771 10.1602
-0.140359 0.0138278 0.990004 19.0582 0.0858779 0.996304 -0.00174031 -0.45152 -0.986369 0.0847752 -0.141028 10.0915
-0.144865 0.0154642 0.989331 19.6379 0.0847913 0.996394 -0.00315887 -0.447315 -0.985812 0.083429 -0.145654 10.0263
-0.149569 0.0115012 0.988684 20.9153 0.0885876 0.996067 0.00181451 -0.455487 -0.984775 0.0878565 -0.15 9.83635
-0.152305 0.0107283 0.988275 21.2844 0.0916782 0.995783 0.0033189 -0.457832 -0.984072 0.0911088 -0.152647 9.77586
-0.155499 0.0103721 0.987782 21.7745 0.0872103 0.996185 0.00326852 -0.442308 -0.983979 0.086653 -0.15581 9.72602
-0.155585 0.0107879 0.987764 22.4219 0.0903002 0.995909 0.00334661 -0.464915 -0.983686 0.089716 -0.155923 9.60346
-0.155144 0.0112802 0.987828 23.0382 0.0922706 0.995729 0.0031212 -0.479608 -0.983573 0.0916317 -0.155522 9.48399
-0.155681 0.011831 0.987737 23.6209 0.0918511 0.995769 0.00254975 -0.472164 -0.983528 0.0911216 -0.156109 9.38603
-0.155432 0.0133545 0.987756 24.2149 0.0914636 0.995808 0.000929177 -0.474769 -0.983603 0.0904882 -0.156002 9.29235
-0.15408 0.013958 0.98796 24.813 0.0931086 0.995656 0.000454276 -0.465958 -0.983662 0.0920576 -0.154711 9.20862
-0.153412 0.0124651 0.988084 25.3164 0.0910976 0.995841 0.00158107 -0.472567 -0.983954 0.0902546 -0.15391 9.1524
-0.152214 0.0133911 0.988257 26.0203 0.0927527 0.995689 0.00079425 -0.473067 -0.983986 0.0917844 -0.1528 9.03177
-0.149772 0.014201 0.988619 26.7718 0.0957154 0.995409 0.000201927 -0.473169 -0.984077 0.0946562 -0.150444 8.88596
-0.150588 0.0145131 0.98849 27.2926 0.0932168 0.995646 -0.000417423 -0.474852 -0.984192 0.0920811 -0.151285 8.85108
-0.148912 0.014218 0.988748 27.9323 0.0933713 0.995631 -0.000254661 -0.482247 -0.984432 0.0922828 -0.149589 8.72392
-0.148503 0.0120693 0.988838 28.5247 0.0948874 0.995486 0.00209966 -0.492236 -0.984349 0.0941401 -0.148978 8.65295
-0.148398 0.0111119 0.988865 29.1647 0.0964371 0.995334 0.00328755 -0.475878 -0.984214 0.0958512 -0.148777 8.57673
-0.147042 0.0123614 0.989053 29.7926 0.0974856 0.995235 0.00205446 -0.484585 -0.984315 0.0967205 -0.147546 8.47665
-0.145736 0.0144307 0.989218 30.4856 0.0994328 0.995044 0.000133161 -0.483046 -0.984314 0.0983801 -0.146448 8.34713
-0.147125 0.0139658 0.989019 31.0492 0.0984076 0.995146 0.000586686 -0.481444 -0.98421 0.0974133 -0.147786 8.35439
-0.147794 0.013934 0.98892 31.7102 0.0972785 0.995257 0.00051497 -0.485443 -0.984222 0.0962768 -0.148449 8.26914
-0.145643 0.0132205 0.989249 32.442 0.0980233 0.995183 0.00113176 -0.467054 -0.984469 0.0971343 -0.146237 8.11845
-0.149326 0.0146362 0.98868 33.0225 0.0972574 0.995259 -4.42772e-05 -0.434421 -0.983993 0.0961498 -0.150042 8.14954
-0.148106 0.0117715 0.988901 33.7434 0.103714 0.9946 0.00369381 -0.523824 -0.983518 0.10311 -0.148527 8.01327
-0.146728 0.0138345 0.98908 34.4755 0.104207 0.994554 0.00154781 -0.511389 -0.983673 0.103296 -0.14737 7.87137
-0.147038 0.0144479 0.989025 35.1848 0.103223 0.994658 0.000815893 -0.516824 -0.98373 0.10221 -0.147744 7.76387
-0.147693 0.0149938 0.98892 35.8967 0.102759 0.994706 0.00026538 -0.523957 -0.98368 0.10166 -0.148452 7.65697
-0.148656 0.0156458 0.988765 36.6082 0.102682 0.994714 -0.000302212 -0.535293 -0.983544 0.101484 -0.149476 7.54898
-0.148788 0.0150696 0.988754 37.3475 0.103602 0.994619 0.000431103 -0.546804 -0.983427 0.102501 -0.149549 7.42335
-0.15101 0.0150518 0.988418 38.063 0.101534 0.994832 0.000362805 -0.533888 -0.983304 0.100413 -0.151758 7.34149
-0.150985 0.0148856 0.988424 38.795 0.0989989 0.995088 0.000136402 -0.519656 -0.983566 0.0978734 -0.151717 7.21909
-0.152837 0.016184 0.988119 39.529 0.0973379 0.995251 -0.00124516 -0.508048 -0.983446 0.0959911 -0.153686 7.11135
-0.154776 0.0180314 0.987785 40.2706 0.0970815 0.995272 -0.00295632 -0.504219 -0.983168 0.0954381 -0.155795 6.98772
-0.16063 0.017706 0.986856 41.0199 0.097159 0.995267 -0.00204237 -0.526659 -0.982221 0.0955539 -0.16159 6.89848
-0.164713 0.016653 0.986201 41.7842 0.0956786 0.995412 -0.000828563 -0.541665 -0.98169 0.0942218 -0.16555 6.75307
-0.169474 0.0161425 0.985403 42.5505 0.0939121 0.99558 -0.000157857 -0.548123 -0.98105 0.0925145 -0.17024 6.62223
-0.17521 0.0157605 0.984405 43.2417 0.0917191 0.995785 0.000382024 -0.575772 -0.98025 0.0903557 -0.175917 6.53818
-0.179436 0.0185413 0.983595 44.0768 0.0924908 0.995712 -0.00189671 -0.561568 -0.979412 0.0906331 -0.180381 6.37501
-0.184301 0.0206023 0.982654 44.8511 0.0919171 0.99576 -0.00363772 -0.565016 -0.978562 0.0896522 -0.185413 6.23409
-0.189287 0.0207713 0.981702 45.625 0.0918813 0.995764 -0.00335275 -0.575331 -0.977614 0.0895654 -0.190393 6.09247
-0.194936 0.0204516 0.980603 46.4058 0.0887369 0.99605 -0.00313354 -0.571267 -0.976794 0.0864048 -0.195981 5.95459
-0.20032 0.0203952 0.979518 47.1925 0.0888538 0.996041 -0.00256781 -0.590621 -0.975693 0.0865195 -0.20134 5.79462
-0.205944 0.0196271 0.978367 47.9163 0.0874047 0.996172 -0.0015857 -0.59778 -0.974652 0.0851873 -0.206871 5.64802
-0.211784 0.0193153 0.977126 48.6765 0.0862099 0.996276 -0.00100858 -0.598449 -0.973507 0.0840243 -0.212661 5.49519
-0.21725 0.0216092 0.975877 49.4776 0.0897048 0.995966 -0.00208388 -0.607518 -0.971985 0.0870881 -0.218312 5.33507
-0.223046 0.0223588 0.974551 50.2225 0.0873417 0.996174 -0.0028649 -0.611205 -0.970887 0.08448 -0.224146 5.15453
-0.229366 0.0223258 0.973084 50.9744 0.0877233 0.996143 -0.0021776 -0.622064 -0.969379 0.0848627 -0.230439 5.00171
-0.235655 0.0218296 0.971592 51.7475 0.0842424 0.996443 -0.00195545 -0.636262 -0.968179 0.0813884 -0.236656 4.84302
-0.23973 0.0231959 0.970563 52.5241 0.085261 0.996355 -0.00275279 -0.62262 -0.967089 0.0820912 -0.240833 4.6059
-0.246012 0.0234917 0.968982 53.2898 0.0835802 0.996497 -0.00293877 -0.63921 -0.965656 0.0802647 -0.247114 4.4653
-0.250583 0.0226151 0.967831 54.0937 0.083025 0.996546 -0.00178986 -0.630076 -0.964528 0.0799057 -0.251596 4.26359
-0.253359 0.0233341 0.967091 54.7682 0.0894939 0.995987 -0.000585665 -0.650162 -0.963224 0.0864003 -0.25443 4.05971
-0.257863 0.0220275 0.96593 55.7483 0.0748651 0.99719 -0.00275444 -0.563335 -0.963277 0.0716042 -0.258788 3.77319
-0.259484 0.0240496 0.965448 56.3658 0.0899881 0.995943 -0.000623016 -0.661618 -0.961546 0.0867171 -0.260596 3.6192
-0.262341 0.0240945 0.964674 57.1573 0.0893674 0.995999 -0.000573697 -0.667055 -0.960828 0.0860599 -0.263444 3.39937
-0.266064 0.024302 0.963649 57.9486 0.0879635 0.996123 -0.000834181 -0.682871 -0.959933 0.0845439 -0.267171 3.17893
-0.270335 0.0241479 0.962463 58.7337 0.0846865 0.996407 -0.00121292 -0.694369 -0.959034 0.0811798 -0.271409 2.93727
-0.27447 0.0244581 0.961285 59.5086 0.0854021 0.996346 -0.000965838 -0.695736 -0.957796 0.0818306 -0.275556 2.71364
-0.278445 0.0247373 0.960134 60.3167 0.0857122 0.99632 -0.000812535 -0.705739 -0.95662 0.0820689 -0.27954 2.46923
-0.282451 0.0257105 0.958937 61.0782 0.0858454 0.996307 -0.00142711 -0.700495 -0.955433 0.0819173 -0.283615 2.23041
-0.286833 0.0252994 0.957647 61.8465 0.084896 0.996389 -0.000894969 -0.715461 -0.954212 0.0810437 -0.287945 1.99616
-0.292306 0.0243941 0.956014 62.6013 0.0845475 0.996419 0.000425675 -0.740336 -0.95258 0.080953 -0.293322 1.82053
-0.296361 0.0244901 0.954762 63.3933 0.0852843 0.996356 0.00091553 -0.744142 -0.951261 0.0816975 -0.29737 1.58099
-0.300307 0.0252537 0.953508 64.1741 0.0862118 0.996277 0.000765973 -0.753259 -0.949939 0.0824337 -0.301366 1.34041
-0.30383 0.0260826 0.952369 64.9604 0.0864069 0.99626 0.000281355 -0.760088 -0.9488 0.0823767 -0.304947 1.09187
-0.30794 0.0281341 0.95099 65.8037 0.0860404 0.99629 -0.00161355 -0.760313 -0.947507 0.0813266 -0.309219 0.828336
-0.311047 0.0291347 0.949948 66.6091 0.0866452 0.996237 -0.00218364 -0.767484 -0.946437 0.0816292 -0.3124 0.556531
-0.314518 0.0298068 0.948783 67.4078 0.0862764 0.996268 -0.00269821 -0.780137 -0.945323 0.081009 -0.315916 0.30285
-0.317853 0.0299763 0.947666 68.2014 0.0879391 0.996124 -0.00201377 -0.795234 -0.944053 0.0826968 -0.319257 0.0369523
-0.322057 0.0298333 0.94625 69.0284 0.0868781 0.996217 -0.00183957 -0.804639 -0.942726 0.081616 -0.323431 -0.23226
-0.325374 0.0307189 0.945086 69.8423 0.0891799 0.996014 -0.00167144 -0.815811 -0.941371 0.0837388 -0.326816 -0.525131
-0.328972 0.0312732 0.943822 70.6484 0.0912023 0.995832 -0.00120768 -0.815823 -0.939925 0.0856814 -0.330453 -0.784656
-0.331384 0.0309699 0.942988 71.4437 0.0916438 0.995792 -0.000498811 -0.816254 -0.939035 0.0862536 -0.332827 -1.07335
-0.334571 0.0303055 0.941883 72.2859 0.0916067 0.995795 0.000499881 -0.830157 -0.937908 0.0864501 -0.33594 -1.34418
-0.33748 0.0308489 0.940827 73.0898 0.0907764 0.995871 -9.1693e-05 -0.842171 -0.936945 0.0853739 -0.338887 -1.61666
-0.340687 0.0329907 0.939598 73.9071 0.0902924 0.995913 -0.00222899 -0.84685 -0.935831 0.0840791 -0.342274 -1.89995
-0.344465 0.0346593 0.938159 74.679 0.0886378 0.996055 -0.00425293 -0.842401 -0.934605 0.0816914 -0.346178 -2.16347
-0.347602 0.0353625 0.936975 75.5391 0.0876195 0.996141 -0.00509011 -0.855324 -0.933539 0.080328 -0.34936 -2.46401
-0.351099 0.0363162 0.935634 76.3632 0.0862735 0.996252 -0.00629467 -0.865412 -0.932355 0.0785104 -0.352916 -2.75541
-0.355165 0.0364882 0.934091 77.1882 0.0868398 0.996205 -0.00589581 -0.879282 -0.930761 0.0790223 -0.356986 -3.05196
-0.358315 0.0356841 0.932918 78.0331 0.0880417 0.996108 -0.00428598 -0.916936 -0.92944 0.0806 -0.360062 -3.39255
-0.362251 0.0354063 0.931408 78.8647 0.0878822 0.996124 -0.00368645 -0.913332 -0.927928 0.0805188 -0.363959 -3.67583
-0.366685 0.0350459 0.929685 79.6973 0.0882522 0.996094 -0.00274099 -0.93213 -0.92615 0.0810417 -0.368346 -3.97343
-0.370793 0.0350897 0.928052 80.5416 0.0874525 0.996165 -0.00272431 -0.946071 -0.924589 0.0801503 -0.37244 -4.28195
-0.374695 0.0360918 0.926445 81.3698 0.0861278 0.996276 -0.00397841 -0.93936 -0.923139 0.078302 -0.376408 -4.58717
-0.377885 0.0373776 0.925098 82.2184 0.0873785 0.996165 -0.00455654 -0.95165 -0.92172 0.0791118 -0.379702 -4.92478
-0.381851 0.037766 0.923452 83.0654 0.0872857 0.996172 -0.00464704 -0.961072 -0.920093 0.0788297 -0.383686 -5.21453
-0.384445 0.0383961 0.922349 83.8954 0.0899221 0.995941 -0.00397912 -0.963152 -0.918758 0.0814099 -0.386337 -5.54139
-0.38712 0.038105 0.921242 84.7213 0.0914145 0.995809 -0.00277546 -0.969317 -0.917486 0.0831404 -0.388981 -5.86782
-0.388348 0.038853 0.920693 85.4378 0.0928806 0.995673 -0.00284012 -0.978504 -0.91682 0.0844116 -0.390276 -6.23918
-0.393753 0.0401749 0.918338 86.4312 0.0922858 0.995725 -0.00399132 -0.980348 -0.914572 0.083178 -0.395777 -6.51451
-0.396598 0.0386613 0.917178 87.1347 0.0905262 0.99589 -0.00283471 -1.03249 -0.913518 0.0819043 -0.398468 -6.83003
-0.399497 0.0386567 0.915919 87.9411 0.0895588 0.995977 -0.00297264 -1.08391 -0.912349 0.0808411 -0.401352 -7.17541
-0.402718 0.042007 0.914359 88.7584 0.0916397 0.995778 -0.00538595 -1.04945 -0.910725 0.0816226 -0.404868 -7.48222
-0.405591 0.0416854 0.913103 89.5744 0.0893675 0.995982 -0.00577285 -1.0763 -0.909675 0.0792603 -0.407687 -7.81964
-0.409361 0.0434679 0.911336 90.3734 0.0908468 0.995842 -0.00669124 -1.07779 -0.907838 0.0800529 -0.411608 -8.13248
-0.411605 0.0429027 0.910352 91.199 0.0930632 0.995648 -0.0048451 -1.10634 -0.906599 0.0827261 -0.413806 -8.49606
-0.41482 0.0410765 0.908976 91.9471 0.0925827 0.995701 -0.0027446 -1.13442 -0.905181 0.083017 -0.416839 -8.82037
-0.418732 0.0403404 0.907214 92.8259 0.0921302 0.995745 -0.00175362 -1.16803 -0.903425 0.0828475 -0.420667 -9.17475
-0.423618 0.0415012 0.90489 93.6965 0.0914046 0.99581 -0.00288068 -1.17285 -0.901218 0.0814908 -0.425636 -9.49226
-0.427676 0.042021 0.902955 94.4956 0.0908188 0.995862 -0.00332912 -1.15808 -0.899358 0.0805815 -0.429723 -9.81313
-0.432473 0.0405046 0.900737 95.3232 0.0893627 0.995997 -0.00188246 -1.19837 -0.897208 0.0796781 -0.434361 -10.1578
-0.436953 0.0421916 0.898494 96.168 0.089718 0.995962 -0.00313719 -1.17766 -0.894999 0.0792403 -0.438974 -10.5151
-0.44157 0.0416823 0.896258 96.9768 0.0891334 0.996017 -0.00240739 -1.19699 -0.892788 0.0788235 -0.443527 -10.856
-0.446065 0.041358 0.894045 97.7587 0.0886607 0.99606 -0.00184177 -1.21277 -0.890599 0.0784451 -0.447974 -11.1866
-0.451852 0.0411113 0.891145 98.6095 0.088343 0.996089 -0.00115872 -1.24832 -0.887708 0.0782029 -0.453717 -11.54
-0.457294 0.0420381 0.888322 99.4358 0.0891977 0.996013 -0.0012168 -1.27137 -0.884831 0.0786798 -0.45922 -11.8747
-0.462947 0.042565 0.885364 100.262 0.0898125 0.995958 -0.000920007 -1.29509 -0.881824 0.0790908 -0.464898 -12.2046
-0.46731 0.0425946 0.883067 101.097 0.0895615 0.995981 -0.000645904 -1.3119 -0.879545 0.078787 -0.469247 -12.6024
-0.472643 0.0453951 0.880084 101.858 0.090478 0.995895 -0.00277805 -1.28205 -0.876597 0.0783152 -0.47481 -12.8952
-0.478937 0.0460348 0.876642 102.69 0.0919348 0.995763 -0.00206335 -1.30671 -0.873022 0.0796056 -0.481139 -13.2216
-0.483289 0.048559 0.874113 103.449 0.094813 0.995491 -0.00288051 -1.29369 -0.870311 0.0814851 -0.485714 -13.5513
-0.487436 0.0515332 0.871636 104.131 0.0977436 0.995203 -0.00417864 -1.27259 -0.86767 0.08316 -0.490135 -13.8738
-0.495347 0.0533148 0.867057 105.08 0.0975604 0.995215 -0.00545916 -1.29033 -0.863199 0.0818863 -0.498178 -14.2012
-0.499472 0.0534762 0.864678 105.85 0.10029 0.994952 -0.00360167 -1.35482 -0.860505 0.0849194 -0.502314 -14.5482
-0.50254 0.0561893 0.862726 106.694 0.10539 0.994425 -0.00337721 -1.40509 -0.858106 0.0892252 -0.50566 -14.9997
-0.5063 0.0606241 0.860224 107.494 0.109246 0.993998 -0.00575329 -1.40075 -0.85541 0.0910629 -0.509884 -15.3813
-0.509573 0.062027 0.858189 108.27 0.111852 0.99371 -0.00540696 -1.41397 -0.853126 0.0932347 -0.513306 -15.7859
-0.515535 0.063411 0.854519 109.097 0.111059 0.993791 -0.00674341 -1.40018 -0.849641 0.0914257 -0.519376 -16.1522
-0.520375 0.0632186 0.851595 109.85 0.111005 0.993802 -0.00594475 -1.41957 -0.846693 0.091438 -0.524167 -16.5394
-0.526725 0.0655115 0.847508 110.738 0.112702 0.993606 -0.00676043 -1.42784 -0.842531 0.0919552 -0.53074 -16.9045
-0.529223 0.0649084 0.845996 111.514 0.10977 0.993928 -0.00759043 -1.44676 -0.841352 0.0888479 -0.533135 -17.5243
-0.534849 0.0662474 0.842346 112.346 0.110612 0.993832 -0.00792814 -1.46259 -0.837676 0.0889329 -0.538878 -17.8974
-0.538509 0.0671343 0.839941 113.2 0.113399 0.993527 -0.00670685 -1.50069 -0.834955 0.0916369 -0.542636 -18.3928
-0.545759 0.0582774 0.835913 114.013 0.10585 0.994382 -0.000217074 -1.70065 -0.83123 0.0883629 -0.548862 -18.6949
-0.547547 0.068422 0.833973 114.897 0.115399 0.993303 -0.00572835 -1.50417 -0.828779 0.0931033 -0.551776 -19.231
-0.552416 0.0697606 0.830644 115.784 0.119387 0.99284 -0.00398483 -1.55766 -0.824975 0.0969666 -0.556789 -19.6793
-0.55632 0.0696078 0.828048 116.593 0.120364 0.992726 -0.0025851 -1.57705 -0.822205 0.0982291 -0.560652 -20.1365
-0.560532 0.0706697 0.825112 117.485 0.124215 0.992255 -0.000600912 -1.61909 -0.818764 0.102155 -0.564969 -20.6455
-0.566661 0.0733202 0.820682 118.371 0.126239 0.991999 -0.00146053 -1.62114 -0.814223 0.102775 -0.571383 -21.0592
-0.571867 0.0764147 0.81678 119.259 0.128981 0.991644 -0.00246855 -1.6314 -0.810144 0.103937 -0.576944 -21.5102
-0.57131 0.0721652 0.817555 119.682 0.117467 0.993061 -0.00557075 -1.58885 -0.812284 0.0928531 -0.575823 -22.04
-0.572985 0.0741004 0.816209 120.302 0.11877 0.992899 -0.00676401 -1.53099 -0.810914 0.0930654 -0.577717 -22.5488
-0.577294 0.0697469 0.813552 121.242 0.113569 0.993519 -0.00458734 -1.59411 -0.8086 0.0897463 -0.581474 -23.1695
-0.581485 0.0671626 0.81078 121.985 0.110171 0.993907 -0.00331858 -1.58813 -0.806063 0.0873948 -0.585341 -23.7174
-0.584866 0.064731 0.808543 122.547 0.110462 0.99388 0.000334835 -1.62347 -0.803573 0.0895094 -0.588437 -24.1889
-0.589743 0.066446 0.804853 123.424 0.109893 0.993942 -0.00153426 -1.58493 -0.800079 0.0875428 -0.593473 -24.7914
-0.59212 0.0649877 0.803225 123.969 0.108099 0.99414 -0.000746 -1.5992 -0.798566 0.0863861 -0.595676 -25.3167
-0.596549 0.0665985 0.799808 124.72 0.110177 0.993912 -0.000583654 -1.61024 -0.794978 0.0877726 -0.600255 -25.8421
-0.598869 0.066826 0.798054 125.442 0.110945 0.993827 3.4983e-05 -1.6125 -0.793125 0.0885609 -0.602586 -26.4095
-0.601333 0.0660056 0.796268 126.168 0.110636 0.99386 0.001166 -1.60164 -0.791302 0.0887967 -0.604943 -26.9795
-0.60574 0.0628348 0.793178 126.837 0.107019 0.994253 0.00296535 -1.61901 -0.788432 0.0866813 -0.608983 -27.5217
-0.609636 0.0625533 0.790209 127.548 0.10568 0.994396 0.00281374 -1.61278 -0.785605 0.0852244 -0.612831 -28.0554
-0.614563 0.0629544 0.786352 128.191 0.109364 0.993984 0.00589463 -1.64555 -0.78125 0.0896211 -0.617751 -28.5113
-0.619617 0.0628179 0.782387 128.904 0.110154 0.993887 0.00743826 -1.6521 -0.777136 0.0907921 -0.622749 -29.0398
-0.624067 0.0621919 0.778892 129.613 0.11026 0.993862 0.00898634 -1.66265 -0.773553 0.0914887 -0.627094 -29.5778
-0.628876 0.059962 0.77519 130.332 0.107479 0.994154 0.0102938 -1.67362 -0.770041 0.0897902 -0.631645 -30.1221
-0.633105 0.0565352 0.771998 131.048 0.103496 0.994557 0.0120421 -1.69376 -0.767115 0.0875226 -0.635511 -30.6691
-0.635773 0.0566837 0.769792 131.712 0.103612 0.994541 0.0123403 -1.6727 -0.76489 0.0876054 -0.638176 -31.2176
-0.639704 0.0579203 0.766436 132.61 0.104722 0.994426 0.0122566 -1.66221 -0.761454 0.0881037 -0.642204 -31.8839
-0.645797 0.0579663 0.761306 133.594 0.104402 0.994452 0.0128434 -1.70842 -0.756338 0.0877761 -0.648266 -32.4864
-0.647772 0.0545633 0.759877 133.991 0.0960301 0.995324 0.0103932 -1.66664 -0.755757 0.0797035 -0.649983 -32.9938
-0.649468 0.0511703 0.758665 134.665 0.0922272 0.995668 0.011797 -1.65412 -0.754775 0.0776313 -0.651374 -33.6316
-0.654445 0.0515599 0.75435 135.43 0.0939387 0.995487 0.013456 -1.64086 -0.750252 0.0796688 -0.656335 -34.1957
-0.658124 0.0515906 0.75114 136.132 0.0938201 0.995493 0.0138286 -1.65045 -0.747041 0.0795729 -0.659998 -34.7775
-0.662979 0.0507338 0.746917 136.866 0.0918238 0.995679 0.013874 -1.63891 -0.742985 0.0777829 -0.664773 -35.3533
-0.668161 0.0456196 0.742617 137.601 0.0864105 0.996122 0.0165541 -1.63062 -0.738982 0.0752307 -0.669512 -35.9482
-0.667474 0.0429011 0.743396 138.104 0.0846541 0.996238 0.0185159 -1.64561 -0.739805 0.0752904 -0.668595 -36.5203
-0.670139 0.0424342 0.741021 138.844 0.0837285 0.996314 0.0186661 -1.6363 -0.737498 0.0745535 -0.671222 -37.172
-0.678609 0.0403231 0.733392 139.699 0.0816099 0.996449 0.0207275 -1.68799 -0.729952 0.073918 -0.67949 -37.7215
-0.676274 0.0382885 0.735654 140.284 0.0800281 0.996556 0.0217009 -1.68093 -0.73229 0.0735488 -0.67701 -38.4298
-0.683797 0.042076 0.728458 140.896 0.0842608 0.996211 0.0215535 -1.62409 -0.724791 0.0761187 -0.684751 -38.866
-0.687704 0.0405581 0.724857 141.566 0.0812283 0.996468 0.0213092 -1.61458 -0.721433 0.0735333 -0.68857 -39.4557
-0.68539 0.0348529 0.727341 139.635 0.0699299 0.997388 0.0181035 -1.64983 -0.72481 0.0632709 -0.686037 -37.8358
-0.688457 0.0348239 0.72444 139.671 0.0610155 0.998087 0.0100068 -1.66768 -0.722706 0.0510914 -0.689265 -37.8796
-0.690067 0.0461486 0.722272 139.683 0.071176 0.997455 0.0042713 -1.64198 -0.720237 0.0543559 -0.691595 -37.9024
-0.690755 0.0483166 0.721473 139.718 0.0788841 0.996845 0.0087674 -1.64016 -0.718773 0.0629689 -0.692387 -37.9409
-0.693718 0.0300205 0.71962 139.759 0.0655886 0.997613 0.0216103 -1.68398 -0.717254 0.0621904 -0.694031 -37.9785
-0.695113 0.0300031 0.718274 139.784 0.0727323 0.996937 0.0287437 -1.63853 -0.715212 0.0722219 -0.695166 -38.015
-0.699099 0.0173784 0.714814 139.815 0.0572257 0.997858 0.031708 -1.64654 -0.712731 0.0630727 -0.698596 -38.0401
-0.701566 0.0178541 0.71238 139.846 0.0573037 0.997862 0.0314249 -1.64137 -0.710296 0.0628687 -0.70109 -38.0782
-0.704409 0.0251148 0.70935 139.88 0.0645173 0.997502 0.028751 -1.63075 -0.706856 0.0660178 -0.70427 -38.1044
-0.705689 0.0331475 0.707745 139.913 0.0719879 0.99709 0.0250797 -1.63355 -0.704855 0.0686476 -0.706022 -38.1478
-0.708019 0.0324147 0.705449 139.91 0.0670477 0.997519 0.021457 -1.62967 -0.703003 0.0624907 -0.708436 -38.1669
-0.710771 0.0323682 0.702678 139.948 0.0671764 0.997499 0.0220013 -1.63012 -0.700209 0.0628413 -0.711167 -38.2089
-0.712429 0.031984 0.701015 139.976 0.0677197 0.997432 0.0233144 -1.628 -0.698469 0.0640824 -0.712766 -38.2543
-0.714891 0.0317358 0.698516 140.007 0.068848 0.99731 0.0251509 -1.62647 -0.695839 0.0660716 -0.715153 -38.2846
-0.716107 0.0326265 0.697228 140.028 0.0695565 0.99727 0.024773 -1.61706 -0.694516 0.0662368 -0.716422 -38.3279
-0.716996 0.033105 0.696291 140.059 0.0700783 0.997234 0.0247487 -1.61377 -0.693546 0.0665396 -0.717333 -38.3713
-0.7183 0.0324334 0.694977 140.105 0.0695612 0.997255 0.0253554 -1.62125 -0.692248 0.0665562 -0.718584 -38.4149
-0.718899 0.0332973 0.694317 140.116 0.0724868 0.996997 0.0272402 -1.6156 -0.691325 0.0699118 -0.719154 -38.4449
-0.720147 0.0310415 0.693127 140.17 0.0721213 0.996936 0.0302853 -1.62559 -0.690063 0.0717991 -0.720179 -38.4868
-0.721583 0.0321607 0.69158 140.242 0.0748233 0.996692 0.03172 -1.61798 -0.688273 0.0746349 -0.721603 -38.535
-0.722818 0.0323638 0.69028 140.279 0.0736795 0.996818 0.0304167 -1.61643 -0.687099 0.0728452 -0.722903 -38.574
-0.724002 0.0318281 0.689064 140.316 0.0693987 0.997227 0.0268552 -1.61431 -0.686298 0.0672633 -0.724203 -38.6183
-0.725829 0.0312113 0.687167 140.373 0.0666245 0.997463 0.0250679 -1.61196 -0.684641 0.0639771 -0.726067 -38.6563
-0.727086 0.0314254 0.685827 140.416 0.0671525 0.997417 0.0254895 -1.60986 -0.683255 0.0645881 -0.727318 -38.6956
-0.727437 0.028379 0.685587 140.447 0.063597 0.997632 0.0261835 -1.61531 -0.683221 0.0626482 -0.727519 -38.7397
-0.728378 0.0274384 0.684626 140.482 0.0611758 0.997811 0.0250951 -1.61455 -0.682439 0.0601613 -0.728462 -38.7788
-0.72946 0.0266975 0.683503 140.52 0.059846 0.997897 0.0248921 -1.6114 -0.681401 0.0590627 -0.729523 -38.818
-0.729868 0.0251892 0.683124 140.562 0.0602015 0.997807 0.0275282 -1.61037 -0.680932 0.061217 -0.729783 -38.8613
-0.728011 0.0247191 0.68512 140.571 0.0635182 0.997483 0.0315054 -1.60966 -0.682617 0.0664538 -0.727749 -38.9066
-0.727561 0.0239376 0.685625 140.614 0.0674337 0.997047 0.0367477 -1.60773 -0.682721 0.0729704 -0.727026 -38.9462
-0.725814 0.0242123 0.687464 140.638 0.0717024 0.996599 0.0406024 -1.60491 -0.684144 0.0787627 -0.725082 -38.9762
-0.72445 0.0217284 0.688985 140.676 0.066051 0.997092 0.0380059 -1.6025 -0.686155 0.0730415 -0.723779 -39.022
-0.723324 0.0193815 0.690237 140.708 0.0584007 0.997742 0.0331841 -1.60409 -0.688035 0.0643131 -0.722822 -39.0629
-0.721928 0.0172523 0.691753 140.746 0.0539971 0.998045 0.0314613 -1.60117 -0.689858 0.0600655 -0.721448 -39.103
-0.719732 0.0159688 0.694068 140.756 0.0515118 0.998208 0.0304502 -1.60384 -0.692338 0.0576686 -0.719265 -39.1078
-0.71713 0.0171207 0.696729 140.791 0.0541166 0.998048 0.0311763 -1.60366 -0.694835 0.0600621 -0.716656 -39.1477
-0.714059 0.0169989 0.699879 140.825 0.0543335 0.998035 0.0311937 -1.60221 -0.697974 0.060301 -0.713579 -39.1869
-0.711854 0.0168366 0.702126 140.858 0.0514617 0.998276 0.0282366 -1.60205 -0.700439 0.0562329 -0.711493 -39.224
-0.710625 0.0123345 0.703463 140.884 0.0458151 0.998535 0.0287732 -1.60341 -0.702078 0.0526762 -0.710149 -39.2499
-0.709545 0.00501459 0.704643 140.909 0.0360681 0.998922 0.0292102 -1.60029 -0.703737 0.046141 -0.708961 -39.2813
-0.70896 0.000575155 0.705249 140.939 0.0284958 0.999206 0.0278308 -1.59932 -0.704673 0.0398275 -0.708413 -39.315
-0.708224 0.000128364 0.705988 140.972 0.0271573 0.999265 0.0270616 -1.59815 -0.705466 0.0383384 -0.707706 -39.3527
-0.70717 0.000386274 0.707043 140.987 0.0293023 0.999157 0.0287617 -1.59789 -0.706436 0.0410574 -0.706585 -39.3691
-0.705474 -0.000287739 0.708735 141.003 0.0309658 0.999032 0.0312289 -1.59744 -0.708059 0.0439778 -0.704783 -39.3871
-0.703935 -0.00203451 0.710261 141.042 0.030031 0.999016 0.0326252 -1.59653 -0.709629 0.0442959 -0.703182 -39.4308
-0.702996 -0.00350159 0.711186 141.072 0.0267966 0.999147 0.0314074 -1.59584 -0.710689 0.0411366 -0.702302 -39.4642
-0.701842 -0.00216833 0.712329 141.093 0.0262428 0.999238 0.0288982 -1.59442 -0.711849 0.0389755 -0.701251 -39.4862
-0.700482 -0.000471932 0.713669 141.116 0.0275609 0.999236 0.0277124 -1.59405 -0.713137 0.0390815 -0.699934 -39.5127
-0.699318 0.000316105 0.714811 141.139 0.0295823 0.999156 0.0284993 -1.59339 -0.714198 0.0410758 -0.698737 -39.5382
-0.697927 0.000265092 0.716169 141.167 0.0309074 0.999079 0.0297503 -1.5927 -0.715501 0.0428985 -0.697293 -39.5697
-0.696909 0.000476964 0.71716 141.186 0.0313987 0.999061 0.0298476 -1.59229 -0.716472 0.0433189 -0.696269 -39.5898
-0.695791 -0.000485747 0.718245 141.212 0.0306286 0.99907 0.0303468 -1.59186 -0.717591 0.0431139 -0.695129 -39.6182
-0.694564 -0.00144917 0.71943 141.232 0.0304008 0.999046 0.0313624 -1.58881 -0.718788 0.0436544 -0.693857 -39.6443
-0.693537 -0.0020775 0.720418 141.255 0.0300818 0.99904 0.0318404 -1.58791 -0.719792 0.043754 -0.692809 -39.6743
-0.693424 -0.00179333 0.720528 141.281 0.0292079 0.999105 0.0305959 -1.58737 -0.719938 0.042261 -0.692751 -39.6904
-0.692679 -0.00064461 0.721245 141.304 0.0294957 0.999138 0.0292205 -1.58676 -0.720642 0.0415141 -0.692063 -39.7177
-0.691914 -0.00029752 0.72198 141.33 0.0299551 0.999127 0.0291194 -1.58201 -0.721358 0.0417751 -0.691301 -39.747
-0.691107 -0.00205343 0.722749 141.353 0.0290422 0.999109 0.0306093 -1.58229 -0.722169 0.0421446 -0.690432 -39.7733
-0.690782 -0.00322937 0.723056 141.373 0.0281504 0.999112 0.0313562 -1.5823 -0.722515 0.0420146 -0.690077 -39.7969
-0.690241 -0.00412315 0.723568 141.394 0.0273245 0.999122 0.0317593 -1.58199 -0.723064 0.0416928 -0.689522 -39.8249
-0.690349 -0.00346357 0.723469 141.418 0.02764 0.999132 0.031158 -1.58074 -0.722949 0.0415066 -0.689654 -39.8527
-0.689971 -0.00247277 0.723832 141.439 0.0285304 0.999124 0.0306089 -1.5782 -0.723274 0.0417705 -0.689297 -39.8803
-0.690169 -0.00358986 0.723639 141.454 0.0285687 0.999073 0.0322036 -1.57832 -0.723084 0.0428994 -0.689427 -39.8969
-0.689647 -0.00510104 0.724128 141.475 0.0279143 0.999045 0.0336228 -1.5775 -0.723608 0.0434014 -0.688845 -39.9242
-0.689921 -0.00539137 0.723864 141.506 0.0275957 0.99905 0.0337427 -1.57645 -0.723358 0.0432553 -0.689117 -39.9534
-0.689622 -0.00648646 0.72414 141.515 0.0255812 0.999118 0.0333114 -1.57559 -0.723717 0.0414966 -0.688848 -39.9681
-0.689538 -0.00542471 0.724229 141.556 0.0265485 0.999111 0.0327605 -1.57604 -0.723762 0.0418169 -0.688781 -40.0095
-0.689093 -0.00506427 0.724656 141.581 0.027216 0.999089 0.0328626 -1.57497 -0.724162 0.0423676 -0.688327 -40.0369
-0.688617 -0.00462977 0.72511 141.603 0.0278079 0.999075 0.0327874 -1.57318 -0.724592 0.0427417 -0.687852 -40.0633
-0.688262 -0.00448904 0.725448 141.623 0.027646 0.999092 0.0324112 -1.57312 -0.724935 0.0423631 -0.687513 -40.0859
-0.687887 -0.00480624 0.725801 141.649 0.0263101 0.999156 0.0315522 -1.57054 -0.72534 0.0408003 -0.68718 -40.1186
-0.687359 -0.00493702 0.726301 141.672 0.0269235 0.999116 0.0322714 -1.56917 -0.725819 0.0417367 -0.686619 -40.1447
-0.686752 -0.00580368 0.726869 141.695 0.0270026 0.999074 0.0334894 -1.56851 -0.72639 0.0426263 -0.685959 -40.1676
-0.685709 -0.00672224 0.727844 141.717 0.0270945 0.999029 0.0347528 -1.56713 -0.727371 0.0435509 -0.684861 -40.1966
-0.685385 -0.00557674 0.728159 141.739 0.0279142 0.999034 0.0339258 -1.56691 -0.727645 0.0435782 -0.684568 -40.2179
-0.684245 -0.00409226 0.729241 141.758 0.0294203 0.999015 0.0332111 -1.56465 -0.728658 0.044179 -0.683451 -40.2456
-0.683845 -0.00472731 0.729612 141.785 0.0295156 0.998981 0.0341367 -1.56484 -0.72903 0.0448791 -0.683009 -40.2753
-0.683123 -0.00501325 0.730287 141.807 0.0295274 0.998969 0.0344781 -1.5628 -0.729707 0.0451163 -0.68227 -40.3012
-0.682648 -0.00624056 0.73072 141.824 0.0278528 0.999015 0.0345523 -1.56327 -0.730216 0.0439397 -0.681802 -40.3211
-0.682603 -0.00471084 0.730774 141.838 0.0295819 0.998981 0.0340717 -1.5643 -0.73019 0.0448751 -0.681768 -40.3401
-0.687537 -0.00762074 0.726109 142.043 0.0253858 0.999081 0.034523 -1.55594 -0.725705 0.0421687 -0.686712 -40.4428
-0.688756 -0.0106915 0.724915 141.979 0.023348 0.999046 0.0369179 -1.56023 -0.724618 0.0423527 -0.687849 -40.3753
-0.689482 -0.0107885 0.724223 142.154 0.0243721 0.998977 0.0380843 -1.56089 -0.723893 0.0439093 -0.688514 -40.5111
-0.690818 -0.00966806 0.722964 142.216 0.023883 0.99906 0.0361813 -1.55921 -0.722634 0.0422612 -0.689937 -40.5513
-0.692192 -0.00785336 0.721671 142.277 0.0234442 0.999168 0.0333597 -1.5585 -0.721333 0.0400103 -0.691432 -40.5871
-0.692886 -0.00738814 0.721009 142.342 0.0237366 0.999172 0.0330492 -1.559 -0.720656 0.0400136 -0.692137 -40.6304
-0.693669 -0.00895386 0.720239 142.378 0.0244878 0.999052 0.0360044 -1.55928 -0.719878 0.0426122 -0.692791 -40.6547
-0.694456 -0.00957238 0.719472 142.444 0.0254422 0.99896 0.0378485 -1.55823 -0.719085 0.0445891 -0.69349 -40.6983
-0.695547 -0.00889063 0.718425 142.509 0.0260373 0.998955 0.0375704 -1.55728 -0.718008 0.0448378 -0.694589 -40.7405
-0.696034 -0.00822033 0.717962 142.573 0.0259075 0.998996 0.0365542 -1.55463 -0.717542 0.0440435 -0.695122 -40.7844
-0.696846 -0.00701767 0.717187 142.607 0.0273803 0.998963 0.0363786 -1.55592 -0.716698 0.0449871 -0.695931 -40.8105
-0.697753 -0.00737564 0.7163 142.666 0.0276114 0.998927 0.0371823 -1.55567 -0.715806 0.0457221 -0.696801 -40.8496
-0.698225 -0.00701556 0.715844 142.727 0.0291473 0.998844 0.0382189 -1.55265 -0.715285 0.0475503 -0.697213 -40.8929
-0.699032 -0.00801576 0.715046 142.792 0.0284701 0.998832 0.0390295 -1.55092 -0.714524 0.0476403 -0.697987 -40.9371
-0.699673 -0.00766838 0.714422 142.826 0.0290223 0.998812 0.0391441 -1.55326 -0.713874 0.0481222 -0.698619 -40.9607
-0.700157 -0.00707823 0.713954 142.884 0.0300135 0.998775 0.0393355 -1.55074 -0.713358 0.0489693 -0.699087 -41.0011
-0.70069 -0.00841079 0.713416 142.952 0.0294742 0.998736 0.040723 -1.55069 -0.712857 0.0495616 -0.699556 -41.048
-0.701135 -0.00910379 0.71297 142.984 0.0288555 0.998737 0.0411292 -1.54874 -0.712444 0.0494102 -0.699987 -41.0698
-0.702233 -0.010268 0.711873 143.042 0.0278332 0.998736 0.041862 -1.54687 -0.711402 0.0492106 -0.70106 -41.1042
-0.70253 -0.0101519 0.711581 143.092 0.027044 0.998795 0.0409495 -1.54769 -0.71114 0.0480123 -0.701409 -41.1436
-0.703012 -0.0085892 0.711126 143.149 0.0284662 0.998786 0.040205 -1.54688 -0.710608 0.0485077 -0.701914 -41.1839
-0.703372 -0.00658479 0.710792 143.209 0.0307986 0.998736 0.0397293 -1.54492 -0.710155 0.0498359 -0.70228 -41.2211
-0.703522 -0.00851693 0.710622 143.262 0.0296045 0.998709 0.0412784 -1.54695 -0.710056 0.0500779 -0.702362 -41.261
-0.703968 -0.00935002 0.71017 143.318 0.0296116 0.998657 0.0425012 -1.54513 -0.709614 0.0509488 -0.702746 -41.2977
-0.704276 -0.0091997 0.709867 143.373 0.0292372 0.998692 0.0419497 -1.54694 -0.709324 0.0502987 -0.703085 -41.3394
-0.704657 -0.0108458 0.709466 143.436 0.0269605 0.998752 0.042046 -1.54952 -0.709036 0.0487555 -0.703485 -41.3828
-0.704966 -0.00986842 0.709172 143.481 0.027908 0.998743 0.0416404 -1.54885 -0.708692 0.0491467 -0.703804 -41.4128
-0.705464 -0.0113965 0.708654 143.536 0.0267856 0.998728 0.0427264 -1.55137 -0.708239 0.0491237 -0.704261 -41.4492
-0.70573 -0.0126423 0.708369 143.582 0.025715 0.998725 0.0434436 -1.55474 -0.708015 0.0488751 -0.704505 -41.484
-0.706511 -0.014106 0.707562 143.638 0.0242561 0.998731 0.0441307 -1.55514 -0.707286 0.0483415 -0.705272 -41.5202
-0.70756 -0.0139726 0.706515 143.692 0.0230357 0.998817 0.0428232 -1.54231 -0.706278 0.046575 -0.706401 -41.5504
-0.708069 -0.0154671 0.705974 143.733 0.0210441 0.998854 0.0429904 -1.55353 -0.70583 0.0452968 -0.706932 -41.5871
-0.709352 -0.0156337 0.704681 143.783 0.0212328 0.998826 0.0435331 -1.55355 -0.704534 0.0458426 -0.708188 -41.6238
-0.710164 -0.0175897 0.703817 143.835 0.0207204 0.998733 0.0458675 -1.55632 -0.703731 0.0471568 -0.708899 -41.6609
-0.711497 -0.0174872 0.702471 143.887 0.020741 0.998732 0.0458698 -1.54772 -0.702383 0.0472062 -0.710232 -41.6947
-0.712635 -0.0176494 0.701313 143.934 0.0194158 0.998804 0.0448654 -1.54972 -0.701266 0.0455892 -0.71144 -41.7309
-0.713425 -0.0148217 0.700574 143.995 0.0210044 0.998875 0.0425225 -1.54623 -0.700416 0.0450518 -0.712311 -41.7765
-0.714254 -0.0129633 0.699767 144.054 0.0227358 0.998871 0.0417108 -1.54667 -0.699517 0.0457019 -0.713153 -41.8197
-0.715783 -0.0143595 0.698175 144.088 0.0208467 0.998904 0.0419171 -1.54803 -0.698011 0.0445582 -0.714699 -41.8411
-0.717504 -0.0143703 0.696406 144.151 0.0216068 0.998847 0.0428726 -1.54264 -0.696219 0.0458083 -0.716366 -41.8794
-0.717776 -0.0159744 0.696091 144.199 0.0213506 0.998762 0.044936 -1.54961 -0.695947 0.047116 -0.716546 -41.9239
-0.718544 -0.0160893 0.695296 144.261 0.0218511 0.998717 0.0456923 -1.54991 -0.695139 0.0480248 -0.71727 -41.9718
-0.719602 -0.0158425 0.694206 144.308 0.021474 0.998754 0.0450522 -1.54304 -0.694054 0.047327 -0.718365 -42.005
-0.720257 -0.015666 0.69353 144.366 0.0207686 0.99881 0.0441308 -1.54097 -0.693396 0.0461892 -0.719074 -42.0491
-0.721097 -0.0154138 0.692663 144.421 0.0215952 0.998767 0.0447071 -1.54197 -0.692498 0.0471964 -0.719875 -42.0908
-0.721861 -0.0158365 0.691857 144.477 0.0219635 0.99871 0.0457763 -1.54243 -0.69169 0.0482397 -0.720582 -42.1341
-0.722615 -0.0170553 0.69104 144.517 0.0208236 0.998705 0.0464237 -1.54392 -0.690937 0.0479363 -0.721324 -42.164
-0.723464 -0.0174763 0.690141 144.584 0.0199355 0.998734 0.0461888 -1.54051 -0.690075 0.0471743 -0.722199 -42.2103
-0.724058 -0.017308 0.689521 144.614 0.0198707 0.998747 0.045936 -1.54716 -0.689452 0.0469616 -0.722807 -42.2395
-0.724844 -0.018044 0.688676 144.667 0.0193564 0.998729 0.0465407 -1.54601 -0.688641 0.0470651 -0.723574 -42.2786
-0.725216 -0.0179097 0.688289 144.712 0.0204673 0.998659 0.047551 -1.54562 -0.688217 0.0485721 -0.723877 -42.3157
-0.725992 -0.0183747 0.687457 144.768 0.0203524 0.998631 0.048185 -1.5451 -0.687401 0.0489733 -0.724625 -42.3594
-0.72669 -0.0177212 0.686737 144.818 0.020142 0.998688 0.0470849 -1.54514 -0.68667 0.0480484 -0.72538 -42.3985
-0.727216 -0.0159542 0.686223 144.869 0.0216432 0.9987 0.0461551 -1.54511 -0.686068 0.0484168 -0.725925 -42.4385
-0.727493 -0.0161651 0.685925 144.92 0.0218105 0.998672 0.0466678 -1.54465 -0.685769 0.0489109 -0.726174 -42.4812
-0.727577 -0.0163534 0.685831 144.969 0.0225588 0.998605 0.0477434 -1.54194 -0.685655 0.0502086 -0.726193 -42.5266
-0.728278 -0.0172578 0.685064 145.021 0.0227493 0.998523 0.0493386 -1.54541 -0.684904 0.051517 -0.72681 -42.5632
-0.728987 -0.0183039 0.684283 145.074 0.0218737 0.998509 0.0500119 -1.54547 -0.684178 0.0514258 -0.7275 -42.6058
-0.729149 -0.0178716 0.684122 145.12 0.022175 0.998517 0.0497191 -1.53737 -0.683996 0.051423 -0.727671 -42.6525
-0.729356 -0.0178724 0.683901 145.169 0.0220136 0.998528 0.0495712 -1.53618 -0.68378 0.0512102 -0.727889 -42.6967
-0.730001 -0.0169219 0.683236 145.227 0.0220584 0.998589 0.0483006 -1.53443 -0.68309 0.0503306 -0.728598 -42.7439
-0.730482 -0.0168528 0.682724 145.283 0.0215738 0.998627 0.0477338 -1.53796 -0.682591 0.0495977 -0.729116 -42.7949
-0.731009 -0.0170728 0.682154 145.337 0.0209488 0.998654 0.0474431 -1.52848 -0.682046 0.0489716 -0.729668 -42.8426
-0.732021 -0.0182893 0.681036 145.387 0.0199576 0.998635 0.0482701 -1.53163 -0.680989 0.0489266 -0.730657 -42.8801
-0.732771 -0.0188397 0.680214 145.429 0.0190176 0.998659 0.0481465 -1.52835 -0.680209 0.0482164 -0.73143 -42.923
-0.733821 -0.0199362 0.67905 145.48 0.0179214 0.998653 0.0486863 -1.52822 -0.679107 0.0478965 -0.732475 -42.967
-0.734893 -0.0192051 0.677911 145.527 0.0175546 0.998725 0.0473239 -1.51708 -0.677956 0.0466784 -0.733619 -43.0074
-0.736128 -0.0185666 0.676587 145.581 0.0173775 0.998776 0.0463148 -1.51102 -0.676619 0.0458511 -0.734904 -43.0513
