data =[1 0 0 0 0 1 0 0 0 0 1 0
0.996034 -0.00393032 0.0888915 0.0704415 0.00461812 0.999961 -0.00753319 -0.0338629 -0.0888585 0.00791383 0.996013 1.035
0.990992 -0.00461173 0.133841 0.165125 0.00633857 0.999902 -0.012479 -0.0376612 -0.13377 0.0132149 0.990924 1.5469
0.98384 -6.24303e-05 0.17905 0.266067 0.00317848 0.999848 -0.0171164 -0.0343202 -0.179022 0.0174089 0.983691 2.0539
0.974158 -0.00350975 0.22584 0.365177 0.00700393 0.999868 -0.0146726 -0.0674583 -0.225758 0.0158752 0.974054 2.53281
0.962492 -0.00388047 0.271281 0.488658 0.00849963 0.999838 -0.0158544 -0.0841606 -0.271176 0.0175655 0.96237 2.998
0.948862 -0.00694054 0.315614 0.593164 0.0132662 0.999752 -0.0178983 -0.112352 -0.315411 0.02117 0.948719 3.41621
0.933721 -0.00929971 0.357881 0.76032 0.0172518 0.99967 -0.0190335 -0.149844 -0.357586 0.0239461 0.933573 3.86665
0.916727 -0.00950521 0.399401 0.992313 0.0190911 0.999617 -0.0200293 -0.154286 -0.399058 0.0259864 0.916557 4.36435
0.897233 -0.00959252 0.441453 1.21575 0.0198881 0.999627 -0.0187004 -0.168891 -0.441109 0.0255583 0.897089 4.81506
0.875658 -0.00988485 0.48283 1.45686 0.0209768 0.999625 -0.0175784 -0.18333 -0.482476 0.0255209 0.875538 5.18558
0.851882 -0.0108061 0.523622 1.70864 0.0226881 0.99961 -0.0162822 -0.188387 -0.523242 0.0257505 0.851795 5.61412
0.826404 -0.00999114 0.562989 1.96803 0.0234892 0.999584 -0.0167403 -0.208349 -0.562587 0.0270584 0.826295 5.99493
0.799151 -0.0124564 0.601002 2.26195 0.0276527 0.999489 -0.0160543 -0.227081 -0.600494 0.0294491 0.799087 6.39107
0.770252 -0.00957197 0.637668 2.64278 0.026588 0.9995 -0.0171128 -0.232786 -0.637186 0.0301355 0.770121 6.83754
0.739147 -0.0109823 0.673454 3.03485 0.029805 0.999421 -0.0164144 -0.244332 -0.672884 0.032205 0.739047 7.33541
0.707786 -0.0122334 0.706321 3.29715 0.0320372 0.999377 -0.0147946 -0.270073 -0.7057 0.0331 0.707737 7.53496
0.673657 -0.0110675 0.738961 3.62976 0.0334436 0.99932 -0.0155212 -0.283849 -0.738287 0.0351695 0.67357 7.85262
0.637812 -0.0116293 0.770104 3.99963 0.0370355 0.999192 -0.0155846 -0.298697 -0.769301 0.0384613 0.637728 8.16575
0.600053 -0.0104391 0.799892 4.30257 0.0373524 0.99919 -0.0149804 -0.331702 -0.799088 0.038867 0.599957 8.43762
0.563449 -0.00975075 0.826093 4.72627 0.0409132 0.999033 -0.0161134 -0.343098 -0.825137 0.0428772 0.563303 8.69675
0.525309 -0.00877266 0.850867 5.13253 0.0467127 0.998736 -0.0185423 -0.354342 -0.849629 0.0494868 0.525055 8.9357
0.486851 -0.00815945 0.873447 5.52312 0.0484536 0.998669 -0.0176784 -0.380464 -0.87214 0.0509284 0.486599 9.14342
0.449724 -0.0110598 0.893099 5.9321 0.0556563 0.998327 -0.0156631 -0.400988 -0.891432 0.0567507 0.449587 9.3263
0.412547 -0.0107219 0.910873 6.34872 0.058065 0.998207 -0.0145485 -0.405269 -0.909084 0.0588918 0.41243 9.51241
0.377672 -0.00863558 0.925899 6.80764 0.0609059 0.998023 -0.0155351 -0.4124 -0.923934 0.0622599 0.377451 9.67978
0.345524 -0.010684 0.938349 7.26273 0.0640659 0.997871 -0.012229 -0.424868 -0.93622 0.0643416 0.345473 9.80999
0.311691 -0.0114977 0.950114 7.86939 0.0645138 0.997875 -0.00908851 -0.436937 -0.947991 0.0641283 0.31177 10.053
0.278841 -0.010719 0.960277 8.399 0.0642745 0.997904 -0.00752474 -0.445758 -0.958184 0.0638196 0.278945 10.1947
0.246448 -0.00793883 0.969123 8.8467 0.0594928 0.998205 -0.00695198 -0.469927 -0.967328 0.0593692 0.246478 10.2943
0.215813 -0.00676879 0.976411 9.08619 0.0612138 0.998103 -0.0066107 -0.460858 -0.974514 0.0611965 0.215818 10.3289
0.18464 -0.00658819 0.982784 9.52978 0.0619334 0.998068 -0.00494504 -0.459085 -0.980853 0.0617802 0.184691 10.412
0.154137 -0.00620203 0.98803 9.97548 0.0633955 0.997982 -0.00362547 -0.462958 -0.986014 0.0631955 0.154219 10.4809
0.122788 -0.00639192 0.992412 10.4451 0.0606038 0.998161 -0.00106937 -0.461433 -0.990581 0.0602753 0.12295 10.5562
0.0932058 -0.00695679 0.995623 10.8804 0.0609035 0.998143 0.00127289 -0.459725 -0.993782 0.0605182 0.0934564 10.6019
0.0665378 -0.00666895 0.997762 11.3361 0.0644357 0.997919 0.00237297 -0.45984 -0.995701 0.0641336 0.0668291 10.5932
0.0406845 -0.00589581 0.999155 11.7836 0.0687129 0.997632 0.00308891 -0.46381 -0.996807 0.0685291 0.0409932 10.6253
0.0168861 -0.00535615 0.999843 12.2418 0.0710829 0.997462 0.00414289 -0.459553 -0.997327 0.0710017 0.017224 10.6368
-0.00309373 -0.00479927 0.999984 12.7953 0.0768917 0.997027 0.00502297 -0.446423 -0.997035 0.076906 -0.00271551 10.6061
-0.0212583 -0.00584202 0.999757 13.2277 0.0789236 0.996852 0.00750324 -0.444651 -0.996654 0.0790639 -0.0207303 10.607
-0.0360637 -0.00557659 0.999334 13.7266 0.0834109 0.996478 0.00857077 -0.443505 -0.995862 0.0836644 -0.0354716 10.5745
-0.0506055 -0.0061654 0.9987 14.222 0.0853097 0.996299 0.0104733 -0.436321 -0.995069 0.0857287 -0.0498923 10.5398
-0.0638761 -0.00714253 0.997932 14.7135 0.0850376 0.996298 0.012574 -0.427126 -0.994328 0.0856649 -0.0630323 10.5039
-0.0759547 -0.00683068 0.997088 15.3468 0.0848889 0.996302 0.0132918 -0.408755 -0.993491 0.0856512 -0.0750939 10.4341
-0.0852228 -0.00487976 0.99635 15.8186 0.0875993 0.996079 0.0123712 -0.427858 -0.992504 0.0883339 -0.0844611 10.3958
-0.0948775 -0.00179254 0.995487 16.3418 0.0893832 0.995944 0.0103123 -0.440195 -0.991468 0.0899583 -0.0943325 10.3361
-0.104729 0.000855239 0.9945 16.8944 0.0891747 0.995979 0.00853433 -0.426482 -0.990495 0.0895781 -0.104384 10.2798
-0.112866 0.00242434 0.993607 17.532 0.0865778 0.996218 0.00740384 -0.404158 -0.989831 0.08686 -0.112649 10.226
-0.118894 0.00336405 0.992901 17.7903 0.0844825 0.996402 0.00674041 -0.390406 -0.989306 0.0846842 -0.118751 10.1841
-0.124412 0.0062189 0.992211 18.7668 0.0888251 0.996035 0.00489477 -0.355115 -0.988247 0.0887422 -0.124471 10.093
-0.128977 0.00709488 0.991622 19.4541 0.0854853 0.996331 0.00399021 -0.356658 -0.987956 0.0852837 -0.12911 10.0159
-0.13269 0.00545559 0.991143 19.0459 0.0915601 0.995776 0.00677661 -0.417989 -0.986919 0.0916483 -0.132629 10.0294
-0.136565 0.00517255 0.990618 19.836 0.085877 0.996284 0.0066367 -0.40208 -0.986902 0.0859776 -0.136501 9.94586
-0.139116 0.0033536 0.99027 20.1199 0.0864973 0.996213 0.00877762 -0.407717 -0.986491 0.0868768 -0.138879 9.87676
-0.141398 0.00182581 0.989951 20.4133 0.0896374 0.995914 0.0109664 -0.420884 -0.985886 0.0902873 -0.140984 9.84246
-0.144369 0.00296705 0.98952 20.9146 0.0920908 0.995696 0.0104503 -0.416599 -0.985229 0.0926343 -0.144021 9.76853
-0.146596 0.00511689 0.989183 21.8584 0.0901922 0.99589 0.00821483 -0.36441 -0.985076 0.0904209 -0.146455 9.69652
-0.146028 0.00473287 0.989269 22.5274 0.093294 0.995598 0.00900819 -0.389345 -0.984872 0.0936083 -0.145827 9.56804
-0.146501 0.00667769 0.989188 23.2636 0.0918048 0.995753 0.00687454 -0.359012 -0.984941 0.0918193 -0.146492 9.45707
-0.151357 0.0095091 0.988433 23.7284 0.07926 0.996851 0.00254689 -0.269588 -0.985296 0.0787287 -0.151634 9.54003
-0.144336 0.00849013 0.989492 23.9696 0.0898945 0.995941 0.0045673 -0.35369 -0.985437 0.0896091 -0.144513 9.37326
-0.149225 0.00800572 0.988771 24.3175 0.0648739 0.997892 0.00171119 -0.309722 -0.986673 0.0644008 -0.14943 9.42332
-0.144408 0.00697052 0.989494 24.9548 0.0815159 0.99666 0.00487554 -0.371361 -0.986155 0.0813636 -0.144494 9.28976
-0.143787 0.00789382 0.989577 25.6896 0.0800776 0.996782 0.00368413 -0.36869 -0.986363 0.0797727 -0.143957 9.18828
-0.140754 0.0078129 0.990014 26.2499 0.0917341 0.99577 0.00518391 -0.372454 -0.985785 0.0915477 -0.140876 9.06746
-0.139899 0.00664952 0.990143 26.9006 0.0906224 0.995867 0.00611627 -0.384336 -0.98601 0.0905849 -0.139924 8.95052
-0.141058 0.00459583 0.989991 27.4687 0.0917544 0.995746 0.00845099 -0.365746 -0.98574 0.0920281 -0.140879 8.90521
-0.142993 -0.00155809 0.989723 28.1696 0.0878886 0.996028 0.0142659 -0.415153 -0.985814 0.0890253 -0.142288 8.79168
-0.135573 0.00921231 0.990724 28.453 0.0978444 0.995193 0.00413544 -0.313448 -0.985924 0.0974975 -0.135823 8.74286
-0.135275 0.0106115 0.990751 29.0301 0.0983914 0.995144 0.00277559 -0.31195 -0.985911 0.0978569 -0.135662 8.67038
-0.134729 0.0111651 0.99082 29.6299 0.0977049 0.995213 0.00207104 -0.291084 -0.986054 0.0970869 -0.135175 8.60202
-0.134689 0.0132826 0.990799 30.2506 0.0985281 0.995134 5.31535e-05 -0.259546 -0.985977 0.0976287 -0.135343 8.5184
-0.136738 0.00605114 0.990589 30.6268 0.0951837 0.995435 0.00705813 -0.344135 -0.986024 0.095253 -0.13669 8.45169
-0.13893 0.000800358 0.990302 31.3181 0.106507 0.994211 0.0141384 -0.458121 -0.984558 0.107439 -0.138211 8.47651
-0.138997 0.000528317 0.990293 31.9265 0.106795 0.994176 0.0144593 -0.458065 -0.984517 0.107769 -0.138243 8.39334
-0.141217 0.00928495 0.989935 32.7112 0.0848334 0.996391 0.00275622 -0.234758 -0.986337 0.0843688 -0.141495 8.23144
-0.141081 0.00715773 0.989972 32.798 0.101047 0.994856 0.00720714 -0.371534 -0.984828 0.10105 -0.141079 8.22383
-0.144477 0.0080597 0.989475 33.3095 0.0991255 0.995055 0.00636856 -0.365662 -0.984531 0.0990024 -0.144562 8.19167
-0.14997 0.00865592 0.988653 33.8136 0.0964304 0.995322 0.00591336 -0.366531 -0.983977 0.096223 -0.150103 8.21406
-0.150458 -0.000628042 0.988616 34.5711 0.102453 0.994605 0.0162243 -0.606252 -0.983293 0.103728 -0.149582 8.07114
-0.15053 0.00778303 0.988575 35.0554 0.0961306 0.995345 0.00680148 -0.367271 -0.98392 0.0960562 -0.150578 7.97273
-0.154321 0.00456712 0.98801 35.6194 0.091012 0.995803 0.0096124 -0.402611 -0.98382 0.0914042 -0.154089 7.92854
-0.158306 0.00599727 0.987372 36.1894 0.0900722 0.9959 0.00839224 -0.398353 -0.983273 0.0902633 -0.158197 7.86931
-0.163573 0.00691469 0.986507 36.7724 0.0861147 0.996259 0.00729565 -0.396525 -0.982766 0.0861461 -0.163556 7.79743
-0.162947 0.00861396 0.986597 37.3842 0.093617 0.995585 0.00676941 -0.383636 -0.982183 0.0934654 -0.163034 7.66064
-0.169869 0.00755153 0.985438 37.971 0.0891835 0.995985 0.00774105 -0.390143 -0.981423 0.0891997 -0.169861 7.59468
-0.174383 0.00667043 0.984655 38.5754 0.0878606 0.996094 0.00881225 -0.394038 -0.98075 0.0880491 -0.174288 7.49521
-0.181631 0.00579527 0.98335 39.1694 0.0818337 0.996603 0.00924181 -0.423848 -0.979956 0.0821498 -0.181488 7.4251
-0.185938 0.0101566 0.982509 39.7659 0.0879099 0.996108 0.00633959 -0.370226 -0.978621 0.087551 -0.186108 7.30374
-0.192132 0.0128727 0.981285 40.3673 0.0857489 0.99631 0.00371953 -0.347773 -0.977616 0.0848587 -0.192527 7.20619
-0.198558 0.0133462 0.979998 40.9792 0.0819993 0.996628 0.00304122 -0.338852 -0.976653 0.080963 -0.198982 7.1172
-0.202565 0.0128273 0.979185 41.623 0.0833949 0.996508 0.00419783 -0.353575 -0.975711 0.0825094 -0.202928 6.94745
-0.209133 0.0117586 0.977816 42.2185 0.081572 0.996652 0.00546135 -0.363603 -0.974479 0.0809045 -0.209392 6.84726
-0.214838 0.0130545 0.976562 42.8163 0.0811698 0.99669 0.00453332 -0.335648 -0.973271 0.0802413 -0.215186 6.71237
-0.221253 0.0132154 0.975127 43.4424 0.0809712 0.996705 0.00486428 -0.327268 -0.971849 0.0800335 -0.221594 6.57404
-0.22828 0.0133466 0.973504 44.0117 0.0771966 0.997006 0.00443323 -0.334383 -0.97053 0.0761632 -0.228627 6.48116
-0.228547 0.0141159 0.973431 44.6797 0.0798245 0.9968 0.00428683 -0.366639 -0.970255 0.0786833 -0.228943 6.28828
-0.235014 0.0149851 0.971877 45.315 0.0805537 0.996742 0.00411054 -0.362151 -0.968648 0.0792543 -0.235455 6.14867
-0.239814 0.0147527 0.970707 45.8991 0.078066 0.99694 0.00413482 -0.370735 -0.967675 0.0767708 -0.240231 6.0018
-0.245748 0.0162875 0.969197 46.4974 0.0777218 0.996971 0.00295273 -0.351958 -0.966213 0.0760534 -0.246269 5.87989
-0.251254 0.0179591 0.967755 47.1872 0.0782515 0.996932 0.00181556 -0.342096 -0.964753 0.0761844 -0.251889 5.68294
-0.255653 0.0177957 0.966605 47.8083 0.0791966 0.996856 0.00259371 -0.334322 -0.963519 0.0772149 -0.256259 5.54659
-0.25754 0.0187872 0.966085 48.438 0.0817771 0.996648 0.00241873 -0.328587 -0.962801 0.0796265 -0.258213 5.36159
-0.262709 0.0192083 0.964684 49.0764 0.0807894 0.996729 0.00215472 -0.328673 -0.961487 0.0785023 -0.263401 5.21215
-0.266921 0.0194377 0.963522 49.7178 0.081559 0.996665 0.00248765 -0.335418 -0.960261 0.0792479 -0.267616 5.03478
-0.27039 0.0190355 0.962563 50.3661 0.0799546 0.996795 0.00274728 -0.335482 -0.959425 0.0777042 -0.271045 4.84849
-0.278711 0.018136 0.960204 50.9706 0.0778567 0.996957 0.00376873 -0.354834 -0.957214 0.0758087 -0.279275 4.8079
-0.274261 0.029265 0.96121 49.7671 0.107439 0.994212 0.000385762 -0.253304 -0.955635 0.103378 -0.275817 4.92117
-0.285038 0.0188753 0.95833 51.9674 0.0808316 0.996718 0.00441055 -0.359466 -0.955102 0.0787205 -0.285629 4.53538
-0.290245 0.0211194 0.956719 52.5713 0.0834004 0.996511 0.00330381 -0.348969 -0.953311 0.0807496 -0.290994 4.39973
-0.295683 0.0219115 0.955035 53.0923 0.0841885 0.996445 0.00320359 -0.357065 -0.951569 0.0813502 -0.296477 4.2808
-0.296633 0.0220248 0.954738 53.8049 0.0833622 0.996515 0.0029117 -0.362799 -0.951346 0.0804527 -0.297435 3.95914
-0.30248 0.0196755 0.952953 54.2965 0.0814983 0.996659 0.00529066 -0.380981 -0.949665 0.0792643 -0.303073 3.86756
-0.306505 0.0203885 0.951651 54.8869 0.0840918 0.996442 0.00573585 -0.388494 -0.948147 0.0817841 -0.307128 3.68806
-0.311771 0.0218788 0.949905 55.5203 0.0861319 0.99627 0.00532299 -0.396411 -0.946245 0.0834767 -0.312493 3.52603
-0.316458 0.0215047 0.948363 56.1232 0.0847187 0.996389 0.00567596 -0.422245 -0.944816 0.0821403 -0.317137 3.36327
-0.31668 0.0240833 0.948227 56.6617 0.0838784 0.996472 0.00270433 -0.368785 -0.944816 0.0803921 -0.317583 3.07955
-0.32054 0.0254077 0.946894 57.2684 0.0856263 0.996325 0.00225195 -0.382511 -0.943357 0.0818009 -0.321537 2.8995
-0.325009 0.0266201 0.945336 57.8128 0.0852572 0.996358 0.00125483 -0.368959 -0.94186 0.0810046 -0.326095 2.78021
-0.329455 0.0266368 0.943796 58.407 0.0857888 0.996312 0.00182772 -0.38199 -0.940266 0.0815693 -0.330525 2.61229
-0.330545 0.025376 0.943449 59.0599 0.0844981 0.99642 0.0028039 -0.394289 -0.94 0.0806464 -0.331506 2.25031
-0.335749 0.0268971 0.941567 59.6307 0.0878696 0.996128 0.0028773 -0.401292 -0.937844 0.0837012 -0.336812 2.11814
-0.339661 0.0272459 0.940153 60.2268 0.0895382 0.995977 0.00348486 -0.401248 -0.936276 0.0853633 -0.340734 1.93996
-0.342937 0.0256431 0.939008 60.781 0.08932 0.995988 0.00542152 -0.440662 -0.935102 0.0857315 -0.343851 1.76448
-0.343663 0.0265868 0.938717 61.4632 0.0911348 0.995825 0.0051601 -0.414999 -0.934661 0.0873231 -0.344651 1.43949
-0.3468 0.0272378 0.937543 62.0389 0.0900827 0.995925 0.00438799 -0.419031 -0.933603 0.0859782 -0.34784 1.24315
-0.350658 0.029299 0.936045 62.641 0.0900022 0.995938 0.00254258 -0.429138 -0.932169 0.0851377 -0.351871 1.05723
-0.35506 0.0310006 0.93433 63.1135 0.0891294 0.99602 0.000823061 -0.43685 -0.930585 0.0835685 -0.356409 0.949136
-0.356745 0.0320326 0.933653 63.9004 0.0890608 0.996026 -0.000142793 -0.438532 -0.929947 0.0831009 -0.35818 0.581577
-0.360028 0.0336197 0.932336 64.5443 0.089187 0.996014 -0.00147574 -0.448358 -0.928669 0.082621 -0.361591 0.350124
-0.364582 0.0331195 0.930582 65.0631 0.0900003 0.995942 -0.000185445 -0.488478 -0.926812 0.083685 -0.366083 0.187687
-0.368099 0.0323225 0.929225 65.718 0.0898547 0.995954 0.000950958 -0.497442 -0.925435 0.0838452 -0.369514 -0.0719531
-0.37266 0.0320278 0.927415 66.3674 0.0888643 0.996043 0.00131022 -0.470837 -0.923703 0.0829024 -0.374031 -0.290253
-0.375877 0.0319845 0.926118 66.8865 0.0894265 0.995992 0.00189726 -0.467071 -0.922345 0.0835326 -0.37723 -0.519541
-0.37944 0.0318888 0.924666 67.4887 0.0877605 0.99614 0.00165914 -0.463837 -0.921045 0.0817787 -0.380774 -0.772163
-0.383755 0.0337057 0.92282 68.0976 0.0882056 0.996102 0.000297984 -0.454099 -0.919213 0.0815122 -0.385232 -0.988272
-0.388777 0.0341864 0.920697 68.8505 0.0881541 0.996107 0.000237838 -0.482845 -0.917105 0.0812557 -0.390277 -1.20067
-0.389808 0.0355249 0.920211 69.3205 0.0907185 0.995877 -1.69194e-05 -0.473333 -0.916417 0.0834736 -0.391424 -1.45163
-0.393552 0.0355639 0.918614 69.9453 0.0919155 0.995766 0.000827595 -0.475799 -0.914696 0.0847606 -0.395155 -1.6732
-0.39633 0.0351275 0.917436 70.5607 0.0933857 0.995628 0.00222103 -0.480734 -0.913346 0.0865557 -0.397877 -1.91559
-0.39954 0.0369967 0.915969 71.19 0.0953681 0.995441 0.00139227 -0.476727 -0.911742 0.0879105 -0.401247 -2.14076
-0.402929 0.0379312 0.914445 71.8235 0.0949506 0.995482 0.000545204 -0.477878 -0.910293 0.0870468 -0.40471 -2.37203
-0.409652 0.0378701 0.911455 72.5429 0.0930187 0.995664 0.000438263 -0.499226 -0.907487 0.0849619 -0.411399 -2.54961
-0.411696 0.039834 0.91045 73.0259 0.0944609 0.995528 -0.000842073 -0.491136 -0.906413 0.0856553 -0.413618 -2.76412
-0.41295 0.040386 0.909858 73.5239 0.0944336 0.99553 -0.00132903 -0.508044 -0.905845 0.0853723 -0.414918 -3.06227
-0.416538 0.0395357 0.908258 74.121 0.091365 0.995816 -0.00144586 -0.534872 -0.904515 0.0823808 -0.418408 -3.29783
-0.419973 0.0419755 0.906565 74.6692 0.0939631 0.995572 -0.00256752 -0.513235 -0.902659 0.0841054 -0.422058 -3.52539
-0.421723 0.0428641 0.905711 75.2558 0.0970284 0.99528 -0.00192414 -0.505914 -0.901518 0.0870682 -0.423891 -3.80374
-0.424639 0.0422321 0.904377 75.874 0.0966425 0.995319 -0.0011016 -0.505387 -0.90019 0.0869335 -0.426732 -4.0744
-0.427717 0.0406221 0.903 76.4553 0.0958903 0.995392 0.000641198 -0.545749 -0.898812 0.0868632 -0.429641 -4.34061
-0.43041 0.0412171 0.901692 77.0159 0.095725 0.995408 0.000192041 -0.56313 -0.897543 0.0863972 -0.432379 -4.61465
-0.433563 0.0403853 0.900218 77.5917 0.0937884 0.995592 0.000506346 -0.569033 -0.896229 0.0846496 -0.435439 -4.87868
-0.439396 0.0420033 0.897311 78.198 0.0938251 0.995588 -0.000659342 -0.526806 -0.89338 0.0839006 -0.441398 -5.09241
-0.442493 0.0407696 0.895845 78.7635 0.0924909 0.995713 0.000370272 -0.566011 -0.89199 0.0830213 -0.444367 -5.38108
-0.446174 0.0406011 0.894025 79.3517 0.0927136 0.995692 0.00105165 -0.574578 -0.890131 0.0833575 -0.448016 -5.66224
-0.450186 0.0400958 0.892034 79.9673 0.0922675 0.995733 0.00180803 -0.587672 -0.888155 0.0831197 -0.451964 -5.96475
-0.456937 0.0409572 0.888555 80.5041 0.0916845 0.995787 0.00124856 -0.582286 -0.884761 0.0820372 -0.458768 -6.12428
-0.461367 0.042078 0.886211 81.0825 0.0929565 0.99567 0.00111853 -0.599533 -0.882326 0.0828951 -0.46328 -6.38062
-0.465954 0.0426771 0.883779 81.6611 0.093662 0.995603 0.00130425 -0.61249 -0.879838 0.0833842 -0.467902 -6.62882
-0.468978 0.0431963 0.882153 82.2471 0.0952526 0.995451 0.00189487 -0.634282 -0.878058 0.084916 -0.470959 -6.94048
-0.474561 0.0436007 0.879142 82.8199 0.0942871 0.995544 0.00152262 -0.634291 -0.875158 0.0836144 -0.476557 -7.18133
-0.47778 0.0435701 0.877398 83.3907 0.0947888 0.995495 0.00218184 -0.645065 -0.873351 0.08421 -0.479757 -7.491
-0.483385 0.0466866 0.874162 83.9692 0.0992953 0.995056 0.00176408 -0.642724 -0.869758 0.0876529 -0.485631 -7.70475
-0.486141 0.0465624 0.872639 84.5575 0.0992674 0.995058 0.00220675 -0.670314 -0.868224 0.0876974 -0.488361 -8.06075
-0.492776 0.0517314 0.868617 85.1311 0.103074 0.994673 -0.000764016 -0.629645 -0.86403 0.0891551 -0.495483 -8.22625
-0.49764 0.0550131 0.865637 85.7877 0.108435 0.994103 -0.00083973 -0.636112 -0.860579 0.0934478 -0.500671 -8.47487
-0.498842 0.0528366 0.865081 86.3335 0.106502 0.994312 0.000683954 -0.720131 -0.860124 0.0924741 -0.501632 -8.86063
-0.500181 0.0642408 0.863534 86.7088 0.122511 0.992463 -0.00287042 -0.661252 -0.85721 0.104357 -0.504282 -9.04484
-0.506486 0.0618912 0.860024 87.4342 0.116813 0.99315 -0.00267783 -0.67506 -0.854299 0.0991059 -0.510246 -9.37382
-0.511018 0.0634463 0.857225 87.9641 0.117175 0.993105 -0.00365155 -0.66773 -0.851546 0.0985795 -0.514928 -9.63987
-0.515155 0.0649007 0.854637 88.5312 0.120076 0.99276 -0.00301053 -0.684785 -0.848644 0.101071 -0.519218 -9.91181
-0.518204 0.0681306 0.852539 89.0724 0.123952 0.99228 -0.00395554 -0.680264 -0.846227 0.103624 -0.522649 -10.2031
-0.526254 0.0687752 0.847542 89.8051 0.123469 0.992341 -0.00386135 -0.710645 -0.841316 0.102613 -0.530715 -10.4705
-0.531382 0.0701987 0.844218 90.4009 0.124663 0.992191 -0.00403536 -0.720135 -0.837909 0.103099 -0.535984 -10.7235
-0.534708 0.0708812 0.842059 91.0431 0.129719 0.99155 -0.0010934 -0.778364 -0.835021 0.108646 -0.539384 -11.1179
-0.538173 0.0725034 0.83971 91.6517 0.134572 0.990904 0.000690011 -0.800262 -0.832022 0.113373 -0.543034 -11.4167
-0.542304 0.0746499 0.836859 92.2866 0.136593 0.990627 0.00014877 -0.821467 -0.829005 0.114389 -0.547418 -11.6965
-0.547023 0.0726225 0.833961 92.8793 0.135737 0.990741 0.00275959 -0.877687 -0.826039 0.114709 -0.551816 -11.9857
-0.552888 0.0711536 0.830212 93.5034 0.13702 0.990548 0.00635447 -0.938737 -0.821913 0.117269 -0.557411 -12.2756
-0.542254 0.0606557 0.838023 93.4077 0.11945 0.992825 0.00543144 -0.879946 -0.831681 0.103047 -0.545608 -12.7851
-0.56065 0.0840035 0.823781 94.9034 0.156808 0.987611 0.00601096 -0.943619 -0.81307 0.132545 -0.566877 -12.9453
-0.565053 0.0875343 0.820398 95.5923 0.160925 0.986951 0.0055328 -0.974366 -0.809208 0.135149 -0.571766 -13.2749
-0.552228 0.0605621 0.83149 94.7914 0.111816 0.993727 0.00188272 -0.86924 -0.826161 0.0940132 -0.555536 -13.6044
-0.54692 0.0596005 0.835061 94.8219 0.105663 0.9944 -0.00176917 -0.747342 -0.83049 0.0872677 -0.550155 -13.9431
-0.558411 0.0508396 0.828005 95.7042 0.100743 0.994889 0.0068555 -0.965432 -0.823425 0.0872443 -0.560678 -14.3223
-0.569012 0.0440204 0.82115 96.3456 0.0970603 0.995181 0.0139075 -1.1273 -0.816581 0.0876146 -0.570542 -14.539
-0.574227 0.0377883 0.817823 97.0481 0.0918328 0.995603 0.0184768 -1.20699 -0.813529 0.0857129 -0.575173 -14.9997
-0.583148 0.0340112 0.811653 97.8886 0.0880868 0.99588 0.0215568 -1.29119 -0.807576 0.0840667 -0.583741 -15.4072
-0.583311 0.0533757 0.810493 98.1673 0.106332 0.994269 0.0110488 -1.02623 -0.805259 0.0926265 -0.585644 -15.6825
-0.590029 0.0565872 0.805397 98.7602 0.113068 0.993502 0.0130291 -1.03939 -0.799426 0.0987519 -0.592593 -16.0061
-0.595113 0.0594801 0.801438 99.3501 0.117566 0.992972 0.0136046 -1.03458 -0.794996 0.102318 -0.597923 -16.3535
-0.599502 0.0604857 0.798084 99.722 0.120063 0.992654 0.0149571 -1.00002 -0.791316 0.104788 -0.60236 -16.589
-0.604199 0.0556962 0.794884 100.799 0.116729 0.992979 0.0191507 -1.05166 -0.788237 0.104357 -0.606459 -17.3147
-0.609879 0.0589267 0.7903 101.383 0.121293 0.992423 0.0196049 -1.03892 -0.783157 0.107814 -0.612406 -17.6873
-0.615185 0.0563737 0.786364 101.894 0.11762 0.99284 0.0208399 -1.04617 -0.779559 0.105312 -0.617411 -18.0423
-0.620479 0.0570182 0.782148 102.445 0.120586 0.992429 0.0233138 -1.05604 -0.774897 0.108782 -0.622657 -18.4184
-0.624769 0.0568542 0.778737 103.168 0.121847 0.992226 0.0253151 -1.04727 -0.771244 0.110703 -0.626839 -18.9
-0.629457 0.0589834 0.774793 103.772 0.12564 0.99172 0.0265751 -1.03297 -0.76681 0.114073 -0.631656 -19.3147
-0.632185 0.0555845 0.772821 104.194 0.120956 0.992275 0.0275762 -1.02873 -0.765318 0.110911 -0.634024 -19.6862
-0.638015 0.056414 0.767955 104.778 0.11945 0.992491 0.0263307 -0.991278 -0.760703 0.108532 -0.639963 -20.0493
-0.640107 0.0559709 0.766244 105.422 0.121823 0.992119 0.0292986 -1.01281 -0.758566 0.1121 -0.641881 -20.5838
-0.643394 0.0502727 0.763882 105.875 0.112821 0.993172 0.0296632 -1.03147 -0.757176 0.105267 -0.644673 -20.9678
-0.645451 0.0517681 0.762045 106.407 0.111466 0.993403 0.0269265 -0.989628 -0.755624 0.102322 -0.646964 -21.4275
-0.648349 0.049081 0.759759 106.872 0.108386 0.993706 0.0282979 -0.975244 -0.753589 0.100694 -0.649588 -21.8075
-0.652626 0.0468895 0.756228 107.47 0.107224 0.993754 0.0309178 -0.970105 -0.750054 0.101264 -0.653578 -22.3172
-0.652672 0.0492039 0.756041 107.842 0.109046 0.9936 0.0294723 -0.920848 -0.749752 0.101679 -0.65386 -22.7318
-0.655491 0.0498315 0.753557 108.377 0.109578 0.993537 0.0296167 -0.898746 -0.747211 0.101987 -0.656715 -23.1665
-0.658866 0.0466227 0.750814 108.987 0.106652 0.993785 0.0318805 -0.877902 -0.744661 0.101081 -0.659744 -23.6562
-0.661798 0.0441195 0.748383 109.404 0.103969 0.994022 0.0333394 -0.866375 -0.742438 0.0998725 -0.662429 -24.0239
-0.664364 0.0403935 0.746317 109.893 0.0999587 0.99437 0.0351631 -0.880338 -0.740695 0.0979619 -0.664661 -24.4721
-0.666945 0.0409399 0.743982 110.402 0.10041 0.99432 0.0352973 -0.869647 -0.738311 0.0982445 -0.667267 -24.9032
-0.669907 0.0393229 0.741402 110.903 0.0994988 0.994343 0.0371654 -0.870516 -0.735747 0.098666 -0.670031 -25.3214
-0.672134 0.0408059 0.739304 111.191 0.100271 0.994298 0.0362806 -0.815047 -0.733609 0.0985162 -0.672393 -25.6512
-0.674698 0.0385024 0.737089 111.652 0.0963816 0.994684 0.0362652 -0.801061 -0.731774 0.0955099 -0.674821 -26.0753
-0.678086 0.0343701 0.734179 112.131 0.0865012 0.995696 0.0332794 -0.786223 -0.729875 0.0860736 -0.67814 -26.5007
-0.681527 0.0358355 0.730915 112.58 0.0788681 0.99658 0.0246784 -0.780298 -0.727531 0.0744649 -0.682022 -26.8891
-0.683061 0.0463092 0.728892 112.767 0.0883173 0.995902 0.0194908 -0.756967 -0.725002 0.0776872 -0.684352 -27.0736
-0.683676 0.0480782 0.728201 113.203 0.0959403 0.995089 0.0243751 -0.76873 -0.723452 0.0865284 -0.684931 -27.4982
-0.685975 0.0394141 0.726557 113.653 0.0946688 0.994879 0.035411 -0.739998 -0.721441 0.0930733 -0.686193 -27.9052
-0.688634 0.0292699 0.724518 114.072 0.089117 0.995026 0.044505 -0.735017 -0.719612 0.0952145 -0.687817 -28.2981
-0.691997 0.0229256 0.721537 114.349 0.0831718 0.995372 0.0481404 -0.716609 -0.717094 0.0933245 -0.690701 -28.5734
-0.69475 0.0224147 0.718902 114.774 0.0819524 0.995472 0.0481613 -0.700398 -0.714567 0.0923758 -0.693441 -28.975
-0.696886 0.0279346 0.716637 115.18 0.0868701 0.995172 0.045684 -0.659828 -0.711901 0.0940909 -0.695948 -29.3448
-0.698906 0.034564 0.714378 115.595 0.0910766 0.995001 0.0409626 -0.6364 -0.709391 0.0936921 -0.69856 -29.7265
-0.70121 0.0368924 0.712 115.816 0.0918311 0.995015 0.0388826 -0.628812 -0.707016 0.0926486 -0.701102 -30.0034
-0.704291 0.0373054 0.708931 116.224 0.092373 0.994944 0.0394125 -0.61903 -0.703876 0.0932439 -0.704176 -30.379
-0.706959 0.0367424 0.706299 116.628 0.0930294 0.994804 0.0413656 -0.604373 -0.701109 0.0949503 -0.706704 -30.763
-0.709319 0.0358323 0.703976 117.024 0.0926897 0.994776 0.0427591 -0.576299 -0.698767 0.0955812 -0.708935 -31.136
-0.711252 0.0361 0.70201 117.27 0.0937454 0.994631 0.0438319 -0.584781 -0.696658 0.0969857 -0.710817 -31.4268
-0.7128 0.0362014 0.700433 117.652 0.093883 0.994604 0.0441351 -0.567268 -0.695056 0.0972182 -0.712352 -31.7909
-0.714091 0.0370313 0.699073 118.038 0.0946631 0.994536 0.0440142 -0.555316 -0.693623 0.0976066 -0.713694 -32.175
-0.715326 0.0367415 0.697824 118.417 0.0959731 0.994319 0.0460277 -0.534763 -0.692169 0.0998972 -0.714789 -32.5426
-0.716421 0.0362609 0.696726 118.693 0.0977163 0.99402 0.0487451 -0.514028 -0.690792 0.103003 -0.71568 -32.8641
-0.717455 0.0366076 0.695642 119.046 0.0997021 0.993733 0.0505339 -0.477741 -0.689433 0.105613 -0.716609 -33.2356
-0.718647 0.0368196 0.6944 119.417 0.0985162 0.993916 0.0492552 -0.452098 -0.688362 0.103807 -0.717901 -33.6151
-0.720251 0.0367124 0.692741 119.807 0.0944554 0.994489 0.0455026 -0.418616 -0.687253 0.0982064 -0.719749 -34.0022
-0.721559 0.0347555 0.69148 120.08 0.0908054 0.994863 0.0447511 -0.428319 -0.686372 0.0950806 -0.721009 -34.3317
-0.722289 0.0342542 0.690743 120.397 0.0905649 0.994857 0.0453657 -0.407453 -0.685636 0.0953242 -0.721676 -34.6997
-0.723507 0.0324464 0.689555 120.785 0.0881443 0.995061 0.0456625 -0.400927 -0.684667 0.0938174 -0.722793 -35.0889
-0.724433 0.0316444 0.688619 121.136 0.0857332 0.995326 0.0444533 -0.375852 -0.683993 0.0912409 -0.72376 -35.4753
-0.72536 0.0307045 0.687684 121.459 0.0843136 0.995446 0.0444871 -0.36268 -0.683186 0.0902503 -0.724646 -35.8006
-0.726007 0.0293919 0.687059 121.832 0.0849976 0.995261 0.0472394 -0.345402 -0.682414 0.0926945 -0.725065 -36.1884
-0.725643 0.0283781 0.687486 122.175 0.0872536 0.994878 0.0510297 -0.325215 -0.682517 0.097015 -0.724403 -36.566
-0.7247 0.0276715 0.688509 122.514 0.0914502 0.994217 0.0562992 -0.306066 -0.682969 0.103764 -0.72304 -36.9416
-0.723321 0.0283036 0.689932 122.871 0.0963358 0.993524 0.0602398 -0.278823 -0.683759 0.110038 -0.721363 -37.271
-0.722276 0.025675 0.691128 123.273 0.0904362 0.994237 0.0575767 -0.238393 -0.685667 0.104089 -0.720435 -37.657
-0.722221 0.0242973 0.691235 123.656 0.0831459 0.995185 0.0518917 -0.213192 -0.686646 0.0949507 -0.720764 -38.0462
-0.720649 0.020983 0.692982 124.004 0.0781706 0.995627 0.0511446 -0.216418 -0.688879 0.0910281 -0.719138 -38.421
-0.718223 0.0204009 0.695514 124.326 0.0765137 0.995824 0.0498023 -0.205621 -0.691593 0.0889855 -0.716785 -38.7247
-0.715982 0.0211485 0.697798 124.72 0.0786636 0.995619 0.0505387 -0.190141 -0.693673 0.0910761 -0.714509 -39.1042
-0.713302 0.0210832 0.70054 125.072 0.0788564 0.995615 0.0503293 -0.165539 -0.696407 0.091142 -0.711836 -39.4502
-0.711086 0.0213055 0.702782 125.413 0.0765358 0.995947 0.0472472 -0.148563 -0.698927 0.0873848 -0.709835 -39.8093
-0.710532 0.0164794 0.703472 125.74 0.0700153 0.99642 0.047376 -0.127385 -0.700173 0.082916 -0.709142 -40.1457
-0.710245 0.0102773 0.70388 126.217 0.0618415 0.996939 0.0478445 -0.0935024 -0.701233 0.0775102 -0.708706 -40.5911
-0.710086 0.00430687 0.704102 126.601 0.0530725 0.997464 0.0474223 -0.108672 -0.702112 0.0710424 -0.708514 -40.9897
-0.709381 0.0053064 0.704805 126.881 0.0529904 0.997543 0.045824 -0.0673069 -0.702831 0.0698545 -0.707919 -41.2913
-0.709106 0.00489431 0.705085 127.267 0.0542606 0.997389 0.0476467 -0.0611496 -0.703011 0.0720449 -0.70752 -41.6254
-0.70778 0.00453675 0.706418 127.507 0.056209 0.997171 0.0499134 -0.0508782 -0.704193 0.0750347 -0.706033 -41.8633
-0.706564 0.00225099 0.707645 127.875 0.054724 0.997174 0.0514685 -0.0359812 -0.70553 0.075091 -0.704691 -42.2329
-0.70605 0.00184804 0.70816 128.164 0.0526582 0.997365 0.0498985 -0.0239972 -0.706202 0.0725213 -0.704287 -42.5122
-0.705066 0.00232713 0.709137 128.341 0.0511703 0.997555 0.0476029 0.0123457 -0.707293 0.06985 -0.703461 -42.7245
-0.70425 0.00383174 0.709942 128.664 0.052259 0.997552 0.0464559 0.0254342 -0.708026 0.0698174 -0.702726 -43.0185
-0.703224 0.00562422 0.710946 128.944 0.0550266 0.9974 0.0465386 0.0641988 -0.708836 0.071848 -0.701705 -43.3188
-0.702035 0.00500352 0.712125 129.302 0.0560552 0.997261 0.0482541 0.067654 -0.709933 0.0737944 -0.700393 -43.6778
-0.701495 0.00551155 0.712653 129.604 0.0567025 0.997232 0.0481022 0.0895662 -0.710415 0.0741526 -0.699865 -43.9229
-0.70061 0.0046619 0.71353 129.921 0.0558709 0.997267 0.0483435 0.11384 -0.711354 0.0737355 -0.698955 -44.2377
-0.699936 0.00372122 0.714196 130.215 0.0559224 0.997202 0.04961 0.134671 -0.712013 0.0746634 -0.698186 -44.5402
-0.699555 0.00289294 0.714573 130.545 0.0553501 0.997207 0.0501496 0.153335 -0.712432 0.0746341 -0.697761 -44.8652
-0.699209 0.00308178 0.714911 130.744 0.0544016 0.997321 0.0489075 0.159534 -0.712845 0.0730888 -0.697503 -45.0525
-0.698885 0.0042368 0.715222 131.042 0.0546036 0.99738 0.0474481 0.18307 -0.713147 0.0722145 -0.697285 -45.3575
-0.69838 0.00415144 0.715715 131.356 0.0551202 0.997325 0.0480003 0.204349 -0.713601 0.0729728 -0.696741 -45.6685
-0.698242 0.00277886 0.715857 131.657 0.0543918 0.997308 0.049182 0.224147 -0.713793 0.0732777 -0.696513 -45.9615
-0.698073 0.00121915 0.716025 131.904 0.0529669 0.997347 0.0499408 0.224189 -0.714064 0.0727879 -0.696286 -46.2204
-0.698326 0.000603518 0.71578 132.201 0.052202 0.99738 0.0500882 0.246634 -0.713874 0.072343 -0.696528 -46.5162
-0.698851 0.00111176 0.715266 132.504 0.0523192 0.997399 0.0495682 0.26977 -0.713351 0.072063 -0.697092 -46.8169
-0.699098 0.002151 0.715023 132.814 0.0534243 0.997357 0.049234 0.29511 -0.713028 0.072619 -0.697365 -47.1242
-0.69931 0.000652328 0.714818 133.08 0.0530538 0.997289 0.0509926 0.298738 -0.712847 0.0735835 -0.697449 -47.4058
-0.699047 -0.00102196 0.715075 133.367 0.0524383 0.997233 0.0526881 0.307369 -0.713151 0.0743288 -0.697059 -47.7436
-0.699783 -0.00165183 0.714354 133.666 0.0512627 0.997303 0.0525231 0.338553 -0.712514 0.0733745 -0.697811 -48.0021
-0.700052 -0.00222052 0.714089 133.946 0.0501102 0.997377 0.0522266 0.357574 -0.712332 0.0723445 -0.698104 -48.2875
-0.700463 -0.00114017 0.713687 134.161 0.0504988 0.997413 0.0511566 0.369362 -0.7119 0.0718737 -0.698594 -48.5071
-0.700367 -0.000485872 0.713783 134.442 0.0512959 0.99738 0.0510107 0.388512 -0.711937 0.0723403 -0.698507 -48.796
-0.700354 -0.000816754 0.713796 134.73 0.0512129 0.997365 0.0513897 0.408731 -0.711956 0.0725466 -0.698466 -49.0911
-0.700436 -0.000412794 0.713715 135.018 0.0512063 0.997394 0.0508305 0.42737 -0.711875 0.0721502 -0.69859 -49.3904
-0.699924 -0.000903252 0.714217 135.238 0.0506201 0.997422 0.0508686 0.421146 -0.712421 0.0717579 -0.698074 -49.6426
-0.700076 -0.0015376 0.714067 135.525 0.0505664 0.99738 0.0517233 0.436321 -0.712276 0.072318 -0.698164 -49.929
-0.699742 -0.00222144 0.714392 135.794 0.0508939 0.997299 0.0529513 0.453318 -0.712581 0.0734105 -0.697739 -50.2126
-0.699437 -0.00339663 0.714687 136.087 0.0506853 0.997235 0.0543433 0.474377 -0.712895 0.0742338 -0.69733 -50.5227
-0.698839 -0.00243577 0.715275 136.332 0.0513583 0.997242 0.0535742 0.489614 -0.713433 0.0741751 -0.696787 -50.817
-0.698768 -0.00137986 0.715347 136.609 0.052355 0.997218 0.0530651 0.51799 -0.71343 0.0745322 -0.696751 -51.1088
-0.698873 -0.0018156 0.715244 136.89 0.0526011 0.997158 0.0539283 0.529479 -0.713309 0.0753116 -0.696791 -51.3857
-0.698539 -0.00227354 0.715569 137.165 0.0520628 0.997183 0.053992 0.572065 -0.713676 0.07497 -0.696453 -51.6978
-0.69849 -0.00283155 0.715614 137.441 0.0511135 0.997241 0.0538363 0.594669 -0.713792 0.0741817 -0.696418 -52.0197
-0.698317 -0.00246192 0.715784 137.706 0.0509209 0.99729 0.0531084 0.618516 -0.713975 0.0735349 -0.696299 -52.3356
-0.698591 -0.00352376 0.715513 137.983 0.0505255 0.997249 0.0542418 0.637682 -0.713735 0.0740445 -0.696491 -52.6252
-0.698358 -0.00528562 0.71573 138.259 0.0502226 0.997146 0.0563675 0.651897 -0.713985 0.0753104 -0.696099 -52.9267
-0.69756 -0.00603895 0.716501 138.498 0.0498745 0.99713 0.0569602 0.681817 -0.714789 0.0754683 -0.695257 -53.2937
-0.697419 -0.00467884 0.716649 138.757 0.0489798 0.997329 0.0541768 0.71922 -0.714988 0.0728852 -0.695327 -53.5841
-0.697744 -0.00298683 0.716341 139.016 0.0487442 0.997476 0.0516378 0.73487 -0.714687 0.0709474 -0.695837 -53.8768
-0.696171 -0.00240158 0.717872 139.278 0.049197 0.997484 0.0510468 0.756813 -0.716188 0.0708544 -0.694301 -54.2483
-0.697168 -0.00381565 0.716897 139.564 0.0502376 0.997268 0.054163 0.765681 -0.715145 0.073776 -0.695072 -54.4403
-0.696854 -0.00465919 0.717198 139.828 0.0509731 0.997128 0.0560049 0.784886 -0.7154 0.0755851 -0.694615 -54.7359
-0.696261 -0.00399588 0.717778 140.092 0.0515073 0.997128 0.0555143 0.814119 -0.715938 0.0756232 -0.694056 -55.0625
-0.695712 -0.00298823 0.718314 140.364 0.0521683 0.99714 0.054675 0.838146 -0.716424 0.0755113 -0.693567 -55.3887
-0.696069 -0.0022954 0.717972 140.568 0.052808 0.997123 0.0543848 0.840743 -0.716031 0.0757702 -0.693944 -55.5617
-0.695689 -0.00219362 0.71834 140.822 0.0535615 0.997053 0.0549173 0.866065 -0.716344 0.0766807 -0.693521 -55.869
-0.695333 -0.0031005 0.718681 141.091 0.0534545 0.996998 0.056019 0.879017 -0.716697 0.0773686 -0.693079 -56.1739
-0.694507 -0.00460495 0.719472 141.362 0.0522579 0.997016 0.056826 0.8931 -0.717586 0.0770641 -0.692193 -56.506
-0.694415 -0.00364581 0.719566 141.545 0.0533152 0.996978 0.056503 0.920273 -0.717597 0.0776003 -0.692122 -56.7029
-0.693696 -0.00335476 0.72026 141.793 0.0540442 0.996928 0.0566944 0.943605 -0.718238 0.0782546 -0.691383 -57.0097
-0.693152 -0.00421769 0.720779 142.064 0.053982 0.996871 0.0577462 0.959593 -0.718767 0.078936 -0.690755 -57.3099
-0.692402 -0.00634427 0.721484 142.322 0.0516654 0.996958 0.0583494 0.975219 -0.71966 0.0776769 -0.689968 -57.6228
-0.691765 -0.00773168 0.722082 142.593 0.0507754 0.996947 0.0593183 0.990923 -0.720336 0.0776983 -0.68926 -57.9429
-0.691043 -0.00644654 0.722785 142.789 0.0511734 0.997015 0.0578185 1.04244 -0.721 0.0769425 -0.68865 -58.2432
-0.690062 -0.00474108 0.723735 143.035 0.0525307 0.997013 0.0566179 1.07319 -0.721842 0.0770881 -0.687751 -58.5583
-0.689385 -0.00493871 0.724378 143.389 0.0522351 0.997035 0.0565094 1.05394 -0.722509 0.0767947 -0.687083 -58.8585
-0.688234 -0.00397373 0.725478 143.469 0.0543505 0.996893 0.0570207 1.12014 -0.72345 0.0786737 -0.68588 -59.0619
-0.687069 -0.00474638 0.726577 143.712 0.0546923 0.996804 0.0582301 1.14018 -0.724531 0.0797463 -0.684613 -59.3724
-0.686225 -0.00394553 0.727379 143.94 0.0548516 0.996857 0.0571555 1.17012 -0.725318 0.0791194 -0.683852 -59.6687
-0.685934 -0.00625711 0.727637 144.404 0.0514424 0.997044 0.057068 1.12498 -0.725843 0.0765763 -0.683585 -59.9861
-0.684042 -0.00430947 0.72943 144.403 0.0538641 0.996954 0.0564024 1.21617 -0.727451 0.0778717 -0.681726 -60.2983
-0.682907 -0.00542284 0.730485 144.624 0.0526346 0.997008 0.0566078 1.24502 -0.728607 0.0771066 -0.680578 -60.5933
-0.682463 -0.00602017 0.730896 144.829 0.0518828 0.997045 0.0566571 1.26652 -0.729077 0.0765873 -0.680133 -60.8753
-0.681942 -0.00767937 0.731366 145.307 0.0502784 0.997087 0.0573501 1.2606 -0.729676 0.0758813 -0.67957 -61.2158
-0.681294 -0.00831586 0.731963 145.672 0.0487688 0.997198 0.0567221 1.28603 -0.730383 0.0743414 -0.67898 -61.5339
-0.681643 -0.00673938 0.731654 146.102 0.0497563 0.997216 0.0555409 1.3241 -0.729991 0.0742635 -0.67941 -61.8258
-0.681081 -0.00618866 0.732182 146.431 0.0513159 0.997102 0.0561623 1.35172 -0.730408 0.0758237 -0.678789 -62.1541
-0.680987 -0.00782643 0.732254 146.779 0.0502864 0.997083 0.0574227 1.37055 -0.730567 0.0759266 -0.678607 -62.4734
-0.681457 -0.00949865 0.731797 147.22 0.0489744 0.997083 0.0585475 1.37624 -0.730218 0.0757369 -0.679003 -62.7509
-0.681754 -0.00891482 0.731527 147.604 0.0482325 0.997203 0.0571032 1.39718 -0.72999 0.0742137 -0.679417 -63.0571
-0.681608 -0.00740943 0.73168 147.989 0.047909 0.997351 0.0547302 1.41557 -0.730147 0.0723586 -0.679448 -63.3721
-0.681347 -0.00584372 0.731937 148.365 0.048414 0.997419 0.0530311 1.43599 -0.730358 0.0715686 -0.679305 -63.6777
-0.681507 -0.00538203 0.731792 148.747 0.049784 0.997315 0.0536979 1.45644 -0.730117 0.073027 -0.679409 -63.9754
-0.681377 -0.00589643 0.731909 149.123 0.0500792 0.997249 0.0546557 1.47688 -0.730217 0.0738945 -0.679207 -64.2783
-0.681002 -0.00670153 0.732251 149.506 0.0494029 0.997259 0.0550722 1.49986 -0.730613 0.0736796 -0.678805 -64.5871
-0.6804 -0.00734175 0.732804 149.892 0.0489653 0.99726 0.0554549 1.51901 -0.731203 0.0736135 -0.678176 -64.8934
-0.68135 -0.00650353 0.731929 150.23 0.050182 0.997193 0.0555748 1.53209 -0.730235 0.0745956 -0.679111 -65.1357
-0.680913 -0.00605328 0.73234 150.618 0.0499582 0.997253 0.054693 1.55138 -0.730659 0.0738275 -0.67874 -65.4422
-0.680702 -0.00613306 0.732535 151.02 0.0501012 0.997234 0.0549053 1.57206 -0.730845 0.074075 -0.678512 -65.7542
-0.680574 -0.00665409 0.732649 151.396 0.0498115 0.997225 0.0553281 1.59124 -0.730984 0.0741492 -0.678354 -66.0438
-0.680454 -0.00776278 0.73275 151.816 0.0492549 0.997198 0.056304 1.59755 -0.731133 0.0744038 -0.678165 -66.3662
-0.68043 -0.00808253 0.732769 152.209 0.0480753 0.997293 0.0556417 1.63062 -0.731235 0.0730883 -0.678199 -66.6506
-0.679793 -0.00686338 0.733372 152.601 0.0482506 0.997371 0.0540595 1.65098 -0.731815 0.0721349 -0.677675 -66.9513
-0.679979 -0.00783283 0.73319 153.003 0.0481923 0.997303 0.0553492 1.63828 -0.731646 0.0729704 -0.677768 -67.2674
-0.678349 -0.00713366 0.734706 153.397 0.049919 0.997195 0.0557722 1.65565 -0.733043 0.0745088 -0.67609 -67.5591
-0.678163 -0.00627991 0.734885 153.819 0.0515209 0.997097 0.0560648 1.70937 -0.733104 0.075883 -0.67587 -67.8466
-0.677408 -0.00577142 0.735585 154.253 0.0514549 0.997148 0.055209 1.69265 -0.733806 0.0752484 -0.675179 -68.18
-0.676864 -0.00432699 0.736096 154.666 0.0518913 0.997214 0.0535776 1.70942 -0.734277 0.0744617 -0.674754 -68.4732
-0.677409 -0.00376676 0.735597 155.073 0.0533893 0.997098 0.0542718 1.72207 -0.733667 0.0760372 -0.675242 -68.7371
-0.676241 -0.00575898 0.736658 155.407 0.052501 0.99705 0.0559897 1.68583 -0.734808 0.0765378 -0.673943 -69.1008
-0.675104 -0.00500395 0.737705 155.91 0.0545727 0.996898 0.0567038 1.725 -0.735701 0.0785396 -0.672737 -69.4792
